-0.1475528
0.4833392
0.07784071
-0.161192
-0.4230506
0.02341336
-0.006784627
-0.05194415
-0.214655
0.7415996
1.000887
0.9093795
-0.0430238
-0.3679773
0.6141644
-1.020438
-1.266522
-0.8669024
0.9156135
0.2378408
-1.096896
-0.9384261
1.686066
-1.955253
-1.542764
-1.528386
-1.578276
-1.432339
-1.754905
-1.654849
-1.61313
0.2270804
-0.5466738
-0.374883
-0.1520859
0.2866087
-0.2040532
0.565499
0.44753
-0.4709206
-0.6748398
0.5220199
-1.293123
-0.9583354
-1.268114
1.34986
1.636734
1.001202
-1.335748
0.3054372
0.6017705
1.091489
-1.022709
-1.300554
0.8895426
1.273687
-0.2787737
0.2783389
-1.838207
-1.744962
-1.715462
-1.781078
-1.952162
-1.020965
0.2426461
0.4746046
0.4192974
0.8027717
-0.9581156
-0.02941811
-0.1649837
-0.06428373
-0.1632015
-0.2306947
0.3796315
0.9869443
1.583113
-1.292416
-0.9054504
-0.6233844
-0.609756
1.409004
-0.01844755
0.1276211
1.190349
0.7021709
0.9980706
1.146433
1.085775
-0.5066306
1.4226
1.173456
1.018364
0.9172399
1.322188
1.554126
1.936458
1.42746
0.4851547
1.255891
0.924691
-0.7459303
-0.1474602
-0.4082516
0.6901627
-0.2953193
-0.02507508
0.1464312
-0.3533371
1.086521
-0.1717328
-0.1487871
0.3744822
-1.412644
1.176777
0.7067522
0.8846747
1.277905
0.9469127
1.016404
0.8350821
0.8173777
-0.5435595
1.21792
-0.7709393
-0.0495695
-1.231084
0.002754038
-0.755138
-1.199488
-0.6250818
0.4273245
-0.1632926
-0.3092313
0.8426884
0.9041057
1.716407
1.677493
-1.503539
-1.380517
-0.4371513
-1.935999
-2.060957
-0.04961807
-1.387354
-0.3314321
-0.383772
1.142428
0.9704374
0.8198484
0.8943078
0.8521135
0.9517068
1.325814
1.132208
0.7615963
0.1894807
-1.510639
-1.246861
-1.442792
-0.7569115
-0.9421232
-0.4629493
-1.173125
-0.8179367
-0.24821
-0.395477
-0.08190856
-0.3680699
0.7612207
-0.06148465
-1.479581
-0.6977439
1.120368
0.01640589
0.517751
0.5287992
1.303047
1.153313
1.357177
1.514681
1.538269
0.8715395
1.206476
1.36287
1.33086
1.585017
0.9325816
-0.5242837
-0.7896356
-0.7027943
-0.4123812
1.198994
1.301872
1.187923
0.7941292
0.6233058
0.9061245
0.9901829
0.8863704
0.9589631
0.7587122
0.7135627
0.7584814
0.8723764
0.5833453
0.7332877
0.7744398
0.8564449
-0.956006
-0.915537
0.3419542
0.418487
1.184857
0.854004
0.6038323
1.273242
0.8891039
0.07643783
-0.5358176
-0.5334951
-0.2665363
-0.4277057
0.3513484
0.4299279
0.3931462
0.3446577
0.4966609
0.635765
0.361838
0.5687674
0.5420917
-0.2281264
0.5782405
1.406315
1.642811
1.778699
1.85504
1.539724
1.645607
1.738532
1.844674
1.446161
1.20072
1.376839
1.220343
-1.439818
-0.579315
-0.6355674
-0.5558338
0.922687
-0.2158648
1.675969
-0.006788878
0.1355325
-0.03563562
0.1223251
0.6906856
1.032329
0.05794134
0.1947554
-0.6562829
0.7602724
-0.06635607
0.8358213
-0.04508819
0.3062443
-0.3218795
0.823581
0.2784902
1.348322
-0.09639447
-0.2230296
0.9161541
0.4378277
-0.05291956
-0.368092
1.498948
0.8909051
-1.217086
-0.8927699
0.232216
0.03598622
-1.785866
0.2020083
-0.9676151
-1.174305
-1.011669
-1.599545
-0.8246935
1.570679
-0.9423565
-0.1133679
0.5707084
0.3036836
0.06929488
1.201962
0.8858977
1.467526
0.1125874
-0.2606807
0.6247935
1.269166
1.068063
-0.4459187
0.7279166
0.9462553
0.954333
1.213478
1.168884
-0.9175572
0.7066546
-1.01173
0.4957639
1.67728
-0.9543716
-0.4755208
-1.000021
-1.1464
-0.5585204
1.795604
1.722684
1.826872
-0.8908838
1.614508
-0.7639766
0.880315
0.7686453
-0.1735205
1.160599
1.15144
1.751238
1.000562
0.7391198
0.8924073
0.1592931
0.09121306
-0.7974134
-0.5991272
0.03635115
-0.9967111
0.3687872
-1.298103
-0.6935283
0.005393935
0.5416277
0.107456
1.282725
-0.4671531
-0.4296479
-0.1449819
-1.346986
-0.811243
0.259338
-0.316605
-0.05289431
0.8271841
1.791305
-1.331392
0.7373436
0.2555667
0.6169456
0.3184407
1.077149
1.446034
0.9651399
0.9895354
0.5154294
0.9168586
1.087632
-1.26356
1.141207
-0.2079476
0.5728184
-0.0009559349
0.06259122
0.4664855
-1.576737
-0.7235125
-0.714156
0.8185703
0.9661556
1.126112
-0.4291745
-0.6758418
0.7041106
1.176427
-0.4444724
0.8696325
-0.1510552
0.2406259
1.217625
0.3594274
0.04978429
-0.168823
-0.8806363
-0.1840545
0.3859735
-1.534204
1.421007
1.78201
1.761877
-1.13501
1.168651
1.355809
1.102235
-0.07100081
0.03109634
0.008669323
0.2435489
-0.9186481
-0.3385005
0.3687437
-0.4835339
-1.07948
-1.609516
1.425498
0.0885199
-0.1320011
-0.313519
0.2607051
0.4544977
-0.3768287
0.7056366
-0.8795617
1.458402
0.2938276
0.1858635
-0.009601972
0.1887466
0.279675
0.2408306
-0.02256275
0.03752452
1.100149
-0.728759
-0.6251508
1.162799
0.4577146
0.3809414
-1.937518
0.901744
0.8602905
0.9413857
1.822498
1.371094
1.203712
-1.403504
-1.636516
-2.222576
0.3411773
-0.8054964
1.947105
2.136118
2.303245
2.524699
-0.9901124
-1.1606
0.7502711
-0.5204965
-2.015683
-1.708749
0.08222976
-1.844834
0.4581378
0.1267981
-1.954027
-0.9278291
0.09594599
0.3680218
-0.574619
0.09378528
-1.884088
-1.70326
1.660643
1.396661
-0.07144892
1.503909
-1.964518
0.6734453
0.9969454
1.281115
-1.178933
-1.189576
1.689374
0.5807741
-1.627676
-1.559495
-1.514125
1.688346
1.466689
-0.9184452
-0.8511127
-1.809022
1.468923
0.07075722
-0.9867179
0.7187259
0.6462411
-2.120923
1.539264
-1.444848
1.556508
-0.780005
0.6265678
0.7356921
-0.8662779
1.003564
-0.09014073
0.9638332
0.06611615
-1.646754
1.726938
1.741521
-1.801598
-1.764233
1.483307
0.5872924
0.644722
0.377524
0.5926584
0.5973781
0.573324
0.5816947
-1.187951
2.354505
-0.9374759
-2.108948
-2.001301
0.572934
0.05711887
-0.07547345
-1.741466
0.3431177
-1.007297
-0.08992003
-0.6747395
-1.824777
-0.002084577
-0.7617914
1.646724
-0.8572754
-0.8465362
1.532798
1.460299
-1.742521
-1.617409
0.8161947
1.471257
-1.338663
-0.835986
-0.1196539
0.2549661
-0.6586355
0.5655858
1.483882
1.128701
1.486115
1.401869
1.368073
1.579156
1.481193
-0.4015656
-0.4128292
0.9016196
-1.415777
-1.533269
-1.498712
0.571368
0.4083455
0.05360124
-0.9096187
1.143733
-1.455993
1.760222
1.060887
0.8620649
0.8022649
1.020536
0.7482457
0.8032326
1.098581
1.5701
0.3905178
0.3083403
0.0146122
0.305411
0.2760965
0.3454808
0.3832122
-0.5483855
-0.4332606
0.4349231
0.6900991
-0.3142437
-0.5705025
0.5661079
-0.9468061
1.321709
1.425966
1.338525
-1.33896
-1.413341
-1.271736
-1.066446
-1.305825
-1.460351
1.769374
1.617807
2.23496
-1.29008
1.45771
1.524836
-0.8351603
1.630032
1.448513
2.102594
1.824474
2.042509
-1.732727
2.266957
1.398191
1.709302
1.448734
0.5287915
0.2237568
-0.0002000935
1.274546
-0.6720523
0.5932752
0.4480105
0.5661227
-0.9493825
-0.9080861
1.369995
1.393633
0.7154555
2.311308
-1.465905
0.696188
0.5613793
0.526777
1.437346
1.423424
-0.9934011
0.4626083
0.8933187
0.5769523
1.260862
1.178523
0.3612272
0.3988916
0.03780658
-1.718999
-1.89737
0.6729488
0.5537274
1.935543
1.671314
1.030917
-0.6180146
-0.8511638
-0.4610272
-1.006775
-0.5313261
2.34051
0.2668867
1.396028
1.57406
-0.8969047
-0.8998616
-0.3757262
0.6647858
0.7533854
-1.118797
0.962197
1.050363
0.05910082
-1.96717
0.3958886
0.5795372
-0.2539366
0.4200808
-0.3310906
-1.274277
2.343414
-2.023952
-1.387607
1.590067
-0.5813947
-0.2201323
-0.4834937
-0.5861501
0.4060066
-0.5613167
-1.500615
-1.63187
-1.101405
0.8631736
-1.540986
-0.9032029
-1.017688
-0.1100133
-1.379554
0.9865905
0.8408437
1.742558
1.740353
1.624435
1.82843
2.078813
0.4278938
-0.9084209
-1.257168
1.057848
1.80728
2.456706
1.7056
1.386197
1.665374
-1.668884
-1.131624
0.606969
0.4908413
0.7793465
2.540983
-1.674814
-1.606497
0.3462461
-0.3325086
-1.537845
-0.3143107
0.5807452
0.5693922
0.5769626
-1.23113
0.8707072
1.055625
1.115131
-0.5852223
-0.7783619
-0.9929137
-0.005011244
-0.5915305
-0.621545
-0.4765875
-1.581484
-1.857631
2.04054
-1.984037
1.322124
2.374431
0.1902705
-1.825418
-0.009665386
0.8986116
1.421376
1.978046
1.875347
1.602738
2.484637
0.3895038
-0.3996966
-0.8092626
1.321927
1.010957
1.091263
2.20282
-0.1271558
-1.700361
0.7268156
0.7576117
-1.989913
1.598211
0.763012
-0.01175381
1.026891
0.07647513
0.07926744
0.09855376
-1.172267
-0.1745776
-1.637742
-1.034462
-1.037493
-0.8411702
-1.757054
-1.027296
-1.249251
2.0379
1.367797
2.190211
1.854701
-0.4187945
1.744678
-2.298107
-2.076934
-1.220385
2.202998
2.084066
0.5296771
-1.638938
1.397269
-0.2835744
0.1458809
-0.5335195
-0.848252
-1.798112
-1.823536
-1.920202
1.604147
0.3097711
0.1379476
0.5982147
-0.8094682
1.055611
1.005566
2.479494
2.476385
1.665176
-0.5879064
0.1722347
0.7502974
-0.8452864
0.236882
0.5415842
-0.7678195
-0.7482972
-1.899257
-1.801523
-1.96995
0.2388582
0.3061045
-0.8649275
-0.8829445
-0.4506761
-0.4736443
1.183236
1.847109
1.216863
0.2420172
-1.038027
0.7129484
-0.2739992
0.05698866
-0.2173225
-0.6151808
0.2785191
0.157265
0.9479003
-1.266785
-0.8767265
-0.3473774
0.6530227
0.7788389
2.058388
2.170161
-0.4725406
0.6067775
0.3860304
0.5628917
0.3563221
1.839643
1.781638
1.255552
0.1263065
-1.273942
2.167432
1.088055
0.9711939
1.80559
0.761382
1.050976
2.163663
-0.5828855
0.3207955
0.7011067
-0.3593287
-1.055853
-0.3892147
0.3025033
0.5531991
0.1146979
-0.9867338
-0.6137545
0.7324665
1.897753
0.2531795
1.149838
-0.2008791
0.2088904
-1.904189
1.71388
1.050378
-0.7454012
-0.6442959
-0.5718296
-0.01702812
-0.978666
0.7272223
0.2335339
0.8318053
0.666055
0.06198826
2.560293
2.223124
2.344562
2.308217
2.647986
2.253972
-2.603209
-0.003826043
-0.2551939
1.126946
1.348993
1.712288
1.241526
0.4875791
0.4459933
0.9638265
0.3725998
1.292167
1.002667
1.169411
0.3907911
1.76556
0.8865041
-1.846791
0.4537972
0.7873803
-1.161515
-0.949683
0.6160938
-0.5862242
-0.5429217
0.8959956
0.5471414
0.6612048
-0.389582
0.3052113
0.4718926
1.904691
0.9173904
0.9529077
0.5877433
0.7973313
0.1716409
0.6019187
0.5866314
0.2148773
-0.01255689
2.014659
2.259554
1.980717
-0.7340959
-0.2370657
0.9281022
0.972702
0.5488196
0.606401
0.4053963
-0.2909092
0.7814142
1.371289
1.299105
-0.9158179
0.4618642
-0.5496594
1.01526
0.5546182
-0.7837465
-0.7744054
0.4302324
0.3630711
0.3576268
-0.3943926
0.7805179
0.9324968
1.356195
1.181086
0.7937423
1.00979
0.9330373
1.564849
1.1507
1.445932
-0.9938548
0.2647833
0.3981042
0.5744217
-0.6444797
-0.514068
-0.1891518
-0.1668215
-1.592512
-2.283463
-0.01380906
0.2378648
-0.5985127
-0.1372396
-0.306333
0.4257946
-0.8407508
0.69943
-1.163888
0.6911267
0.815038
1.244214
1.183179
0.08101154
-1.198155
0.8507717
-0.1731038
-0.2433419
0.03500398
0.4498975
0.8528462
1.469883
0.2917621
-1.853879
0.9330716
0.2796497
1.475326
0.8774856
0.1689928
0.9277761
1.549349
1.299679
1.53728
2.030843
1.515689
1.00074
1.119796
0.2882957
0.2433341
0.289779
1.253907
0.4559446
-1.320362
-1.028429
0.783199
-0.1400486
0.0964141
-0.3665295
0.9301973
-0.4571434
-0.3586277
-0.7605514
0.5055687
0.1780061
-1.494962
-1.572216
1.024833
0.8324213
0.7199063
-1.566685
1.225894
-1.275891
1.742711
-1.33746
1.545008
0.2923536
0.3689973
0.544597
-0.6033097
-0.6598879
0.09760475
1.201241
1.494375
1.486005
0.3694152
0.7350955
0.62492
1.082112
-1.151665
-1.220759
-1.255227
-1.055531
-1.063893
-0.8500148
1.208567
-1.484523
1.431379
-0.1248392
0.05855418
-0.3874854
-0.5662311
1.251689
1.053461
-1.303287
1.870198
0.5711192
0.149851
0.08708783
0.8368193
0.9058377
1.284346
1.183514
0.6803703
-1.330226
-1.603758
1.416719
1.228728
1.084789
0.0151404
-0.2577835
-0.477181
-0.4800127
-0.8284319
-0.1004521
-1.293457
-1.309392
-1.982884
-0.346586
-0.2833866
-1.273456
-1.269046
-1.264278
-0.9004744
-0.832454
-0.9984851
1.01341
-0.9717379
0.363254
1.062357
1.412126
0.269793
0.1988667
0.7055792
0.9103221
0.7776572
0.6356362
1.766099
1.004925
0.7294296
0.8242999
0.5056852
0.8057996
1.66555
0.9053707
0.9982472
1.129995
1.060448
1.432124
0.8719125
1.122411
1.293527
0.95615
1.500134
1.199162
1.05022
1.824556
-0.6190854
1.805678
1.784827
1.997306
-0.6173322
-0.153182
1.862649
-1.570258
-1.724775
-1.819282
-1.864142
-1.622088
-1.726825
-1.773508
-1.620558
0.6741673
-1.808611
0.2105356
0.2324655
-1.147339
-0.06951035
-0.8075369
-0.82449
-0.9641071
-0.7279972
-0.5842786
0.05282794
0.26155
0.2395567
0.2782627
-0.1448584
0.1597206
-0.006056851
-0.0111199
-0.5303646
0.05239339
0.220786
0.3092392
1.254548
-0.7375618
1.850919
0.7751459
1.596919
0.1256654
1.589876
1.737583
-0.9907942
-0.2275961
-0.06656341
0.1682637
1.302625
1.312005
1.51509
1.627739
-0.2489239
1.225752
0.604377
0.2398211
1.020605
-0.01115058
-1.132946
-1.157518
-0.762471
-0.5951279
0.3385933
-0.8408273
-1.056538
0.111529
-0.2110868
-0.3674754
-0.819066
-1.004878
-0.6310608
0.2125539
0.03687683
-0.3339982
-0.388923
0.8716552
0.2439618
1.045541
0.1599874
-0.5551379
-0.2299717
-0.1416793
-0.1263335
-1.228292
0.5549257
-1.389578
0.6603761
1.427811
0.7675868
0.6839506
1.527176
0.3724403
0.7313495
1.015035
0.2008341
0.01072409
-0.1791464
0.03189108
0.9825142
0.932058
0.8072039
-0.370784
0.4047542
0.37123
0.3129331
0.1633905
0.05034028
0.03910046
1.545492
1.162976
0.1962668
0.7440098
-0.1071533
0.3410432
0.6700191
-0.220182
1.33151
0.9068641
-0.9360548
-0.7594147
0.1342847
-0.3154177
0.8963313
-1.224922
2.171419
0.4133048
0.4974198
2.553786
-0.5349563
-0.8147426
-0.6533181
-0.6782948
-0.6950655
-0.4500835
1.86406
1.247253
1.406681
0.9537896
1.320544
1.191845
0.4573379
0.4731736
0.9174218
0.808103
1.407535
0.8237152
0.3638636
0.9870304
1.165567
1.885805
0.6965687
-1.316893
0.1872658
0.09460536
-1.559388
-1.344258
-0.1194796
-0.4801411
0.2843328
-0.8714343
-0.6093733
-0.8465105
0.4163674
0.5323754
-0.1670546
1.323322
0.6547503
-0.08562393
-0.1917376
0.03051148
-0.6199699
0.2981356
-0.02643874
-0.2858852
0.4280799
-0.07039785
0.1130972
-0.4980425
1.051026
-1.966474
2.293297
2.876326
1.929447
1.934676
0.5259368
1.478894
0.8352171
1.567251
-1.532015
1.369827
-0.2468448
1.259568
1.322713
1.397089
1.561951
1.477149
0.1828165
0.4530391
-0.9366839
-0.9152532
0.6129427
0.572942
-0.3150517
0.3939802
0.4856368
0.22986
0.3135034
-0.7425854
0.9520354
1.141548
-1.550632
0.1298866
0.3335469
0.1069101
0.2660519
0.6963711
2.18341
-0.1000147
1.448077
1.82586
0.9040271
1.457346
1.314265
1.453944
1.044182
0.989587
1.10309
0.9905194
0.8089364
1.236254
1.10192
1.191533
0.8577857
1.06854
1.601176
2.594049
1.595722
0.497446
1.590254
1.866937
2.294139
-0.03088862
1.85156
2.020476
0.5733724
1.682201
-0.0121063
-0.2279901
-0.5092902
-0.8062742
-0.4799098
-0.2749319
-0.3658119
-0.4704533
-0.8439433
-0.2136723
0.1787004
0.1189929
-0.3304213
-0.7493394
-0.5214355
-0.5913387
-0.4319456
-0.3070239
-0.8003091
-0.4560898
1.202436
-0.7651016
-0.5325436
-0.06234458
0.3462729
0.3282019
-0.1788034
-0.02734544
-0.4282291
-1.923974
-2.06971
-0.2412555
2.344904
-2.321989
2.713502
0.9694615
2.524028
1.508125
2.065067
1.928938
0.7227719
1.857423
0.5086362
1.44619
-1.331659
1.030864
1.011709
2.034057
1.95295
-0.7593604
-0.2495957
0.6410096
1.717719
0.4710091
-0.3858683
0.6159738
0.5707053
1.82554
-1.739619
1.672965
1.292955
1.470591
0.9938169
1.292413
1.563092
0.8972711
1.345512
2.435937
2.840214
1.260341
1.474078
1.349413
0.6912249
-0.2965547
-0.205545
-0.5484418
2.923656
-0.05116147
0.07239223
-0.127886
2.236334
2.735202
0.1637398
2.691367
0.9911674
1.39027
-2.923389
2.873576
-0.2085412
-0.305711
-0.9933884
0.06335856
0.1095984
0.2628367
0.5087497
-0.2817429
0.7298031
0.9439941
-0.5167467
-0.4271084
-0.3752685
0.9341172
0.0515359
1.266827
1.130044
0.9844737
2.314541
0.3253347
1.868243
2.249183
1.010769
1.769583
2.102638
1.464159
2.054959
2.145626
2.392058
2.663464
1.137756
0.5032805
0.02554152
0.6503567
2.181698
1.622913
1.774473
0.8848136
1.197204
0.9364286
1.587791
1.760557
0.6646671
1.180353
0.4757217
-0.9140715
1.191947
0.5776133
-0.7274638
-0.6801286
-0.8613577
1.273561
-0.7603519
-0.8793537
-0.8576905
-1.298027
-1.323415
-0.8534997
1.970295
0.4302685
2.27906
3.261049
1.291886
1.374233
2.273509
3.27517
2.646595
1.31537
0.5052473
2.403741
1.088812
0.6874427
2.306775
0.9464582
1.512582
1.065101
0.1768866
-0.341945
0.4917631
1.132735
-0.2387587
-0.4765761
0.8195698
0.9180234
1.735208
1.40819
0.344824
0.7685589
-0.150269
0.8539882
0.9395672
0.9084934
0.6707067
2.042326
2.494009
1.04567
2.000682
-0.03977684
1.162871
1.011998
0.798139
1.570632
1.543532
2.330984
2.107575
2.389185
1.448635
2.006205
1.808801
1.914809
0.5441067
1.230126
2.963186
1.32697
0.631251
2.268977
1.446298
2.122246
1.088046
1.218786
1.218409
0.8526915
1.634892
1.13705
0.2418774
-0.5358648
-0.6268315
-0.2738531
-0.5108228
0.1572367
1.387448
-0.1347765
0.3195865
-0.007699046
-0.2384665
-0.1053771
-0.185238
1.221453
0.8099409
1.266457
0.9159892
1.434962
1.070947
1.047515
1.328019
1.288838
0.5345989
2.364565
2.446072
2.80808
3.299442
2.200776
2.406776
1.036061
2.317117
2.069821
1.467466
1.07098
-0.4124345
0.2307703
-0.329493
1.514992
-0.8605833
-0.8410301
1.600469
0.2071946
-0.5497528
-0.03345437
0.1962488
0.06731948
1.674794
2.037032
-0.5220061
0.5031355
1.41292
0.4033826
2.047302
1.717939
-0.8641964
-0.8864209
1.957749
-0.4110511
2.089696
-0.2455663
1.442982
2.016776
0.5348134
0.386973
3.243697
-0.917279
-0.9907824
-0.7788799
0.7365067
1.161388
2.838152
0.6743323
0.6490946
2.56973
1.274609
1.289224
-1.121348
-0.7948199
0.3614159
-0.1249711
-0.5323712
-0.674322
-0.836718
-0.1984437
-0.5681012
1.046329
-0.5103584
-0.2732915
-0.4591375
-0.5252255
-0.9217398
-0.4335256
-1.065566
-0.8534671
0.5943441
2.382314
1.25
0.5725755
0.2280661
2.752396
2.098598
2.911012
1.40829
1.493808
0.9977289
0.6749591
3.059979
1.545532
1.492538
2.099755
1.061554
1.267371
2.586142
1.778177
1.190474
1.165275
-0.1054701
-0.1279834
0.7886646
-1.258896
1.958037
-1.301541
3.096628
0.60598
0.6959479
0.753366
-0.9884969
-0.07307039
-0.4907858
0.5583885
1.864136
0.2162041
-0.02480502
-0.7792007
-0.157114
-1.156306
1.467331
-1.585984
-1.650411
-0.08208742
0.4994909
0.5685258
2.229914
0.5960093
-2.107212
0.3108511
-0.7275156
0.0306425
-0.1356992
1.802889
1.301459
1.715818
1.587976
2.181681
2.283372
3.393514
0.9952749
1.17077
-1.362963
0.9530655
2.766401
2.908925
1.948991
-1.238568
0.9076125
0.1602775
0.4599427
0.3473536
-1.287975
1.865867
0.5950074
-0.4453153
1.059999
1.247135
1.156057
0.6419605
2.847625
-1.216119
-1.104954
-1.448959
-1.476373
-2.395517
-2.261584
-1.050982
-0.4974297
-1.685507
-1.119167
-0.7471752
-1.040869
-0.06098651
0.1192958
-0.2317536
-0.8351313
-1.014011
-1.204555
2.147814
-1.220448
-0.2393415
-1.096644
-0.9460488
-0.1578451
-0.1196872
-0.261468
-0.1988986
-0.6132698
-0.5969053
-1.319597
-0.9048211
1.126783
1.525988
-1.209226
-1.793063
0.9695259
2.511969
2.38069
1.878081
2.248816
1.608475
2.128916
0.8348343
1.188171
0.6830432
0.745167
1.441871
2.511108
1.722521
1.532302
1.435582
1.878883
1.286157
0.9095204
1.417571
1.271654
3.203136
0.940288
0.9826094
1.638929
0.9494171
2.682219
0.1520546
1.157955
0.2264643
1.233179
-0.8435453
-0.7165765
0.4680454
1.570825
1.134449
1.427077
-1.42215
1.427823
-1.585034
-1.661685
1.621622
2.256567
1.787829
2.324186
2.135009
0.3085758
0.3014938
0.4125404
1.619181
0.6790248
1.588411
1.693523
-0.2135854
2.036793
1.674629
1.332047
1.443142
-0.002724186
1.579952
2.071093
2.335507
1.992936
2.99798
1.02357
-1.247744
-2.087619
1.659364
1.606671
1.464008
0.5900246
0.2468414
-0.02448633
0.8016393
0.5070849
0.4169224
0.1758459
-1.164259
-1.966677
-1.325482
-1.955274
-2.334897
-2.460685
-2.412414
-2.256835
-1.972105
0.3839559
-0.7257809
-0.6009793
2.852903
-0.449302
-0.167923
-0.7395247
0.09958376
-0.3159206
-0.3223436
-0.4322599
-0.9119331
-1.099422
-1.328473
-0.7380049
-1.051997
-0.1494672
0.2078779
2.285949
1.352818
-0.5821309
0.4488316
-0.5082065
-0.9724883
-2.689859
1.471805
-2.83976
1.851389
2.322969
1.968888
2.872485
2.580944
2.043068
1.828333
0.7532262
2.295025
1.758859
2.325221
1.712866
2.444422
2.602013
1.384084
3.343074
2.106365
1.048211
1.313197
1.251687
2.561871
0.8701459
1.038828
2.239428
-1.653486
0.2830146
-2.437831
0.3970994
-0.4889851
1.14045
1.258306
1.814415
2.479338
1.851609
0.7233999
2.394046
1.05003
-0.4232783
1.435715
-1.83952
1.907354
-0.01833331
-0.9973651
-1.321811
1.901944
1.75449
0.7819316
0.6443436
2.269552
0.7207867
0.6883259
0.5898541
2.122627
0.8238608
1.700521
1.607095
1.867109
-2.110088
1.195111
0.02736867
1.467502
1.641665
1.258065
-1.751275
1.222611
1.742688
0.2074967
0.4080525
-2.581287
0.4284109
1.386007
0.9520148
0.3919902
0.5280298
2.839367
0.5112511
-2.165719
-1.358086
-2.013694
-0.3174688
-2.09169
-1.880878
-1.713082
-0.8257434
-1.869619
-0.2612403
-0.9633317
-0.1969265
-0.7569446
3.281279
2.220297
2.422225
0.3090236
-2.55005
1.565049
0.8559223
2.25817
2.699011
2.357671
1.937796
2.087715
2.0657
3.179786
0.9204635
3.161901
2.008222
2.048932
1.304872
1.929378
2.006335
0.915922
2.557087
1.854951
1.174949
2.926087
3.228418
1.076538
1.980934
1.756261
2.094517
0.7033705
2.516067
3.230169
1.248815
1.044934
3.03393
2.027448
1.75241
2.111313
1.435055
1.825268
0.5891187
2.000801
2.067156
1.335981
1.343643
2.486603
1.52967
2.175405
2.702371
0.5676573
0.620518
1.849561
-2.292642
-1.822537
-1.142134
2.071048
-0.7049633
-1.330091
1.138814
2.161229
1.775509
2.961002
1.716928
3.063488
0.7421645
2.260372
1.252768
2.254499
1.754197
0.5211448
0.7144872
1.042518
2.100915
0.7308465
0.8540735
2.034486
0.8992215
0.6762254
1.290672
2.317809
1.960901
2.423051
1.753897
-0.5653082
-1.328419
3.681076
0.5346481
2.23676
0.6603766
0.7089309
0.5155152
0.9402292
1.964426
1.18145
-1.723628
0.5849981
0.408757
1.165198
0.5266362
3.326139
3.087046
-1.521197
-2.227398
-0.7900363
-0.03609939
2.55418
-1.037225
0.1310253
0.3386605
-0.7157102
0.572685
-0.6719912
-0.971347
0.8594963
0.116565
0.01539452
-0.09852613
-0.6923601
0.174831
1.395588
0.4694857
-1.14684
-0.4785184
0.6080701
0.4850089
0.5930971
2.417937
-0.2872334
-3.148675
0.2659058
0.8973547
0.9399394
2.322384
2.240135
1.343567
1.2316
0.5191851
3.93326
1.487154
2.648766
2.986682
1.041135
3.213183
1.31796
1.225452
1.824761
2.019108
2.050299
2.116372
1.9848
2.159385
3.533137
0.5999402
0.6451962
1.508026
3.349916
0.722567
2.085018
1.916628
1.25049
1.403909
0.02118876
2.11218
-0.538183
1.50644
2.25373
2.076485
2.41086
0.5969169
2.989718
3.430972
2.591123
1.474876
1.659908
1.814021
3.062277
-1.224353
3.029055
1.902007
1.266748
-0.9139488
2.038615
-2.452748
1.893776
-1.718692
-3.071639
-2.842887
2.777181
-1.296532
-0.4346148
0.206292
-1.385786
0.04822439
1.086216
2.420145
2.415316
3.297073
0.1160083
1.934212
1.814388
0.6708682
1.09312
2.392312
1.146861
0.9126251
2.299541
0.8498332
2.891478
0.9910993
0.7240978
0.3075561
0.6467609
2.517986
2.044549
1.680817
2.606431
1.715681
0.4545825
1.424466
0.6814849
1.943656
0.6268158
0.760652
0.310854
-0.3005138
-0.6609569
0.9823878
3.436035
0.2552802
0.01035809
1.243242
2.223562
-0.5292748
-0.3773953
0.5706338
2.479627
2.964627
2.879606
1.755805
2.281034
0.5110197
0.5186258
0.7510297
1.984421
1.887294
2.364298
-2.825639
0.8638798
0.5896252
2.883202
-0.6511742
-1.65504
-2.002116
1.264725
-0.5388283
-2.190879
-2.03891
3.23244
-0.4263836
-1.138448
0.7010019
0.851823
1.806037
0.7493363
-0.114458
0.3656441
0.3864885
0.4989371
1.560906
0.7846876
2.65517
-0.2971228
2.913683
2.22666
0.9790819
1.044072
1.285583
1.047111
1.723476
1.950815
1.835322
1.135687
2.214929
1.163339
3.794394
2.054905
0.950054
3.229955
0.9067285
3.583437
2.498117
1.062151
2.337678
1.225206
1.734668
2.30894
2.222648
2.336441
1.02143
1.978091
1.247077
1.724795
0.8750434
4.057558
3.763586
2.14604
-0.4367438
-0.3476884
3.601244
2.25446
0.8651825
-1.293111
1.81616
2.657246
2.696131
1.582586
2.736574
1.885529
-0.209745
3.874555
3.059602
1.465748
1.979315
2.483
0.6702641
3.17303
2.620996
3.166275
3.128612
1.926317
2.123628
2.278009
2.083135
1.364144
1.5607
1.857258
-1.671212
-2.240216
2.180278
-2.249499
-0.2769849
-1.404206
-0.6585642
3.00544
0.3394241
1.582738
0.6864184
3.41802
1.6886
0.5110766
0.9134806
0.8526977
2.612341
1.077523
2.918458
-1.729971
2.016227
0.6686317
0.9142552
1.156776
4.469896
2.533938
2.032768
2.014436
1.363026
0.9309498
1.884165
0.6914126
-0.4227576
3.604256
2.071357
0.6520858
0.02262667
2.238439
3.515287
0.1434723
3.305847
2.435177
1.37999
0.494918
0.4619237
0.5428054
1.528112
1.432345
2.359174
2.823278
1.551196
-1.337951
-2.111983
-2.630712
0.3209829
-0.9934823
-1.993134
-1.722764
0.0955485
-0.2425446
0.06607282
0.08812622
-0.9186041
-0.5676181
-0.1418849
1.441063
2.291096
2.753942
0.745154
0.7298803
-2.390312
0.8560222
1.049024
1.89081
1.593282
2.103947
2.101651
1.923801
1.972079
2.222033
2.240721
1.137646
2.161659
1.182324
3.301779
0.7390328
3.360548
1.189928
0.8561016
1.80009
0.8890831
1.563728
1.40532
-0.2176692
2.207153
1.194647
2.16283
1.651745
2.295855
1.208197
2.168745
2.613218
1.726572
-1.544227
-2.182336
2.006551
-1.894719
2.271662
1.483838
-1.757243
3.265954
3.205858
2.60806
1.315031
1.567123
1.021641
1.573844
2.534559
1.012634
3.817975
2.239057
2.184286
2.096069
0.02521007
0.478292
2.950608
3.434007
1.156191
0.5396997
3.37654
1.282917
1.817241
0.6308355
1.888829
1.872138
0.8152532
1.878549
2.608287
2.431852
1.615661
2.569991
1.938622
0.9923217
0.2818938
3.226933
3.517081
2.981074
1.313292
1.008666
3.038547
0.7709341
0.6776568
1.277812
1.147757
2.770541
3.654661
0.6565149
0.4347602
0.2613125
0.2522843
0.09160307
0.5671696
-1.55622
2.683208
1.191231
2.434582
-2.309066
-2.032887
0.7605318
2.390182
0.6197769
0.8415822
0.6493246
0.5560674
0.6282932
2.705915
1.802954
1.381198
2.917658
1.430891
-0.9805725
0.6251873
1.01312
2.349223
2.972333
0.6821866
2.778355
-3.484763
1.905453
1.536914
1.411177
0.7143477
1.504292
2.988057
2.900926
1.67109
0.8218849
0.9237463
2.820431
1.699283
1.841218
-1.800066
-2.247693
2.205379
1.004427
3.277384
2.566368
1.855668
0.9271886
3.449474
1.797099
1.866917
1.077322
2.561174
2.089497
2.827973
2.356264
2.132949
0.2495607
-0.5088215
1.022312
2.464617
-2.260687
2.453887
-2.61155
2.114656
-1.235671
0.4960468
0.6096063
2.206633
2.762458
-2.19826
-1.31452
0.225507
-0.7391223
2.01816
2.290523
2.229208
2.539525
2.058246
1.819536
1.030437
1.919317
1.180153
1.30035
2.190808
1.827584
-2.891618
0.2706018
0.208156
-1.771673
0.3175409
2.02453
1.468577
2.092964
1.423155
1.945854
1.668491
2.788262
2.961079
0.7531073
3.194419
-1.210461
2.132725
1.653514
1.349011
2.159234
3.044027
0.8977875
1.945577
2.404062
2.911283
1.852754
2.027079
2.155808
2.343539
2.547363
2.39674
1.497658
2.117998
3.108466
2.749983
2.333926
0.4722645
3.340635
1.313798
3.601812
1.84766
0.5492178
2.780617
1.082597
0.6342177
2.097951
1.454761
1.037752
1.617124
0.4899733
-0.4771092
2.036888
-2.623565
-2.38231
-1.935615
0.7963445
0.1095864
0.4386126
-0.03499193
0.3291929
-0.5284585
0.4185092
1.042296
1.090725
1.036007
0.4842702
1.689475
1.52744
2.039297
0.99701
1.056411
-2.728595
0.9368749
3.123864
2.736449
3.410088
1.894981
2.017526
1.851546
1.132826
3.184716
1.68773
1.779915
1.017107
1.636162
1.13169
1.073591
1.702878
1.976464
2.02352
2.20908
2.162245
1.455727
-1.427841
-1.754118
0.02501987
2.568959
0.440715
-0.7666676
2.784007
1.936653
1.984122
2.834235
-1.042275
-1.85588
2.607359
-1.473349
-0.3766948
-0.08675311
2.169823
0.5409424
0.625849
-0.9896047
-0.3164331
2.173593
1.363521
2.495078
2.491561
0.4631885
2.261471
2.23907
0.716779
0.6445105
2.256755
1.309583
0.7425194
1.813059
1.181024
1.667556
2.233591
0.7692816
2.09783
0.8573422
0.7846666
2.773813
2.063508
-1.962897
2.352416
2.111107
2.961164
2.022527
1.623818
1.661508
1.038296
3.370195
2.161143
1.428544
2.596887
-1.780048
1.892964
1.943186
1.789277
2.041097
1.896518
2.101688
2.667075
3.845103
3.350471
3.459061
2.39352
1.301159
1.350653
-2.113704
2.707936
0.762671
1.83347
0.6035819
1.292838
0.4632455
-0.3811656
-0.3498694
-2.710341
-2.127553
0.3099433
3.749901
1.180677
3.645919
-0.9758716
-1.94388
2.238009
0.8430515
2.239089
1.400374
0.5154867
0.7213328
1.138202
0.476193
-0.004339834
1.116615
0.6288995
-0.3237815
0.475033
0.5249151
-0.02753696
0.4547684
0.9869312
0.7473787
1.534766
2.124636
2.174573
1.232379
2.170248
1.287534
0.9805473
2.283615
2.487414
2.830033
3.574824
1.813921
1.671334
1.018203
0.2153402
0.603995
-0.2116757
2.869344
0.7524729
1.194463
2.289354
2.383367
-0.9105803
0.509359
1.644359
2.142219
-0.4567715
2.192598
0.6594144
0.5823822
2.257635
2.331983
2.79993
1.536849
2.064645
0.5738249
2.766086
1.104002
2.617083
2.545796
3.477058
1.725433
-0.8141012
2.262319
2.38513
-0.7545166
2.881083
2.34204
1.796681
1.791256
0.7144082
2.197802
1.938754
2.143277
2.032492
0.8016635
0.4426366
0.9680507
3.296833
2.385272
2.397808
2.331758
0.9228759
0.8101024
-1.139088
-1.084784
1.915077
1.301616
2.849686
0.9830527
2.106614
2.494874
2.223503
3.253297
2.229215
0.5841179
2.371708
3.576532
1.709381
-2.348177
-2.225974
3.798937
0.6173426
0.1008248
1.99447
2.563213
0.486856
2.182148
0.9797274
2.558113
0.9721052
0.9868389
1.966216
1.410768
0.9166307
1.042256
1.94337
1.455771
2.614689
0.8936478
0.7203934
1.160491
0.542368
0.5996764
0.6048308
0.642426
0.8458842
0.6265252
0.6945325
0.5324995
0.6939418
1.50133
2.727564
2.528436
0.7978375
0.6565511
-1.417167
-1.310638
1.028178
0.6180636
0.9414752
0.8411484
0.7765706
0.6733013
0.7591754
-2.39766
1.078773
1.940836
1.260971
2.020346
1.65554
1.203156
2.077516
1.250492
2.729061
2.422713
1.095397
1.076258
2.642581
2.260902
2.81177
1.783921
3.89504
1.297765
2.181885
1.49776
1.011102
3.433455
3.497569
0.7889277
0.5389029
0.7458903
0.8211586
4.100504
2.788737
2.667775
1.036185
1.23181
2.433079
1.100343
0.935922
3.057863
1.643463
1.558237
2.493739
0.7884312
3.023302
1.31799
2.084025
0.9369811
1.7918
-0.5155577
2.040253
-0.6246781
2.095447
0.7312964
0.8713858
1.51506
-1.479682
-0.43945
-0.6788498
1.809477
2.051593
2.031695
1.316382
2.779111
2.119459
0.5074161
3.008346
1.687066
1.368952
2.716644
1.636101
-0.976641
1.572169
2.090186
0.6837723
-0.2437039
2.074381
2.646814
1.939276
1.97514
1.263341
3.090351
3.453463
3.513202
2.607618
-2.838396
-0.01924989
2.584003
2.555608
1.503403
-1.459733
2.372953
2.228925
2.540764
2.839335
1.05587
2.23275
3.34511
0.5926915
0.9627497
3.380998
2.246379
0.8633891
0.6533167
1.970595
-1.381246
-0.6896353
0.8458909
0.9318664
0.8424769
1.955342
1.4967
1.336528
-1.210073
0.6341944
0.9121162
2.470717
3.137199
1.595282
1.477744
3.655403
1.587315
1.510184
3.214425
0.8860658
2.076246
1.886814
2.446913
0.727481
0.8424535
2.730599
2.156784
2.286972
3.270168
3.424037
3.143322
1.81957
1.951844
1.771897
0.3549085
1.956988
2.495684
0.9082507
1.629113
1.09379
2.0172
1.311679
-0.7315067
2.506045
-1.833364
-0.7213936
2.104383
0.6502333
0.5547824
1.727374
0.709491
-0.8699254
1.697818
0.9777398
0.6087925
1.345084
3.145833
2.301006
0.7962027
2.019981
0.6127618
0.5074132
3.019543
2.478378
2.382113
0.6384507
2.518848
2.446402
1.107071
1.670784
1.962462
2.515499
-0.7957229
3.797157
-0.1461196
0.8850989
0.833652
2.342007
1.177593
0.4653169
0.2121147
3.779299
1.064808
0.750276
0.7071602
1.068937
1.920786
1.931359
3.249217
3.371665
2.187319
1.814871
1.862101
0.7472508
3.333122
-0.4512276
0.1313605
-0.08840543
0.2313029
2.182725
2.432318
0.8714023
0.6687384
0.6476789
2.994861
1.813068
-1.825702
0.3048785
1.429778
0.6293116
1.599845
1.263522
-0.5843605
2.970489
2.863652
2.663053
2.310313
3.018941
2.139919
2.089103
1.210986
0.6382973
0.8136574
2.078004
2.022499
2.364071
2.309157
0.7497412
2.81698
2.860466
2.853205
1.028984
2.653864
3.468219
0.7022891
-1.339732
0.05534347
0.2019197
3.197143
2.437475
3.396779
1.393876
1.81104
2.198073
1.031024
0.2161351
1.749116
-0.933383
0.5762637
1.010306
2.415663
1.407384
0.589311
2.457005
0.7498303
-0.4068719
1.84567
-0.05236137
2.974329
2.800131
0.6947515
2.548473
2.353095
2.462587
2.487931
2.205249
2.570642
3.080436
3.624183
4.372462
4.138222
1.772005
2.048027
2.163901
0.7895307
0.5413838
1.310701
2.491497
3.887053
1.775949
3.37024
0.5835106
2.478026
-1.760638
3.636089
2.872019
0.9963746
4.03529
-0.9323049
0.0500525
-1.383721
2.136499
0.958826
1.42026
3.300869
-0.07961812
-0.3497546
-1.230423
1.388861
3.400758
2.048128
2.550515
0.6509878
-0.8600371
0.4554605
0.5972853
-0.120708
3.312206
3.069973
0.5542983
0.58165
2.100414
1.925472
2.123063
2.32602
-1.74549
1.867164
0.9533137
2.134504
2.113148
0.9271562
2.261794
0.828452
0.4469546
2.244712
0.8883372
0.7123688
1.066982
0.7402191
0.753002
0.7898333
0.6442189
2.839345
3.603389
2.546069
2.212993
2.789134
3.529427
2.162469
0.6435185
-0.7178663
-2.235519
-1.474827
-1.449798
-1.946196
0.9924864
1.098925
0.3771148
-0.5196659
-0.8097666
1.588879
0.9685822
0.2884774
0.7167942
0.8192182
1.751543
0.4502791
1.969571
0.8651937
1.58642
1.71836
0.5743648
3.244972
2.45686
1.5463
1.828238
-0.7559385
0.5089859
1.672076
0.8537786
1.536915
2.853622
-0.6650838
0.6717807
2.476833
0.3526946
-0.09672428
-0.1542108
0.79721
3.048912
2.919447
0.6626411
1.781002
2.404748
2.445598
-1.884813
0.8043317
3.326385
2.424127
3.716817
-0.95657
-2.564209
-1.381944
-1.165698
-2.405146
2.048334
2.265412
1.022914
2.194306
2.89791
0.4102281
0.631097
0.03219108
0.9310295
0.6631493
1.849279
0.2946827
0.1238327
0.40408
0.4641495
0.9510681
0.3277545
1.033416
1.92776
0.6607388
2.14193
0.6658549
0.4980133
0.4029921
0.4588277
3.06678
1.696703
-0.5764074
-0.9545052
-0.3729409
2.07789
2.176014
1.149506
0.7991735
-0.4376644
2.386964
0.2547683
2.313835
0.7130874
1.622111
-1.667917
2.871986
2.331272
0.5449556
0.3147971
1.652686
-0.1980926
-0.3636909
-0.1805442
2.993641
-0.6931759
1.667634
2.161087
0.9840721
0.3674045
1.680954
-1.021061
1.484705
0.4675489
0.95482
2.670517
2.235493
3.024978
1.582663
-1.203721
-0.4875248
-1.860905
-2.453998
-1.344734
-0.496408
-0.2607672
-0.9261083
0.7588471
0.1627209
0.5479321
-0.9007555
1.600398
0.04581738
0.5572213
0.817927
2.314953
2.077411
1.411553
1.397934
1.28527
1.130713
1.323274
1.224475
1.446814
1.280971
1.19776
1.345488
1.177008
1.225627
1.08154
1.555064
1.574315
-0.40221
1.380174
0.7813429
2.460893
-0.02227997
2.213474
2.011511
1.36662
0.07482338
-0.3273209
-0.4455503
-0.8419861
2.112852
-0.936601
-0.01796074
-0.6368261
1.094453
2.796788
3.009953
0.1487239
2.390722
1.25878
1.786249
1.884384
1.973109
0.4640779
0.6727969
0.2766441
2.390278
0.6094983
2.52289
2.745124
1.91898
-1.171577
-1.612033
-0.4881339
-1.695568
-0.2076811
-2.020403
-2.225852
-1.617781
-0.9950702
-0.7912014
0.3843599
0.3999791
1.518797
1.991388
2.222373
0.7666788
0.6304676
0.2520972
1.594818
-0.8078118
2.784481
0.1009958
3.219126
1.625658
0.2181314
1.457766
0.7636902
1.752268
-0.5236967
-1.310683
3.040845
-0.1262258
2.082677
3.24967
0.5162123
-0.4622921
-0.8419129
-0.1727811
2.624709
0.3965996
0.2794917
1.776346
-0.2930444
-0.01056211
3.022734
2.416062
-1.376041
-1.457121
-2.213224
-0.5630628
-1.772053
-2.260178
-0.6438603
0.7132975
0.715981
0.2465581
0.6616063
0.7374202
0.6585654
2.000926
0.8208399
0.5385853
0.4524934
0.5075203
1.197064
0.5067168
1.732183
0.08618948
0.6064285
0.07419929
0.7300838
-0.08464311
0.4844487
-0.7906889
0.289183
0.02974292
0.9503953
-0.03818383
-0.1004671
2.498591
0.8087502
-0.8475406
-0.001827675
-0.4366462
2.235638
-1.061757
1.485249
2.127342
-1.065769
-0.8496434
2.020033
3.458255
0.2047125
2.057339
0.6062776
0.8347311
1.40146
0.5449462
0.3742829
0.7389569
1.602936
1.647146
0.5465652
3.18214
2.511298
-0.9732984
1.930242
1.16016
1.863715
-0.4789257
-1.994834
-1.873614
-1.386928
-2.146216
-1.850379
-0.705476
2.654339
1.863228
0.2856022
0.3749379
0.6864556
1.611478
-0.9290035
-0.03417332
0.3190819
0.5280814
2.106153
2.209078
2.507389
0.5604092
0.7558362
0.8285795
1.104198
0.4868875
0.8863412
1.150323
0.9424228
1.971312
1.198156
0.8843328
0.5822942
0.6686755
1.117296
1.348124
1.635604
1.140293
1.282793
-0.06602299
3.339595
2.006779
0.9579269
0.08065562
2.85161
-0.8916295
2.410459
0.5733308
0.6583416
-0.001844956
-0.3674647
0.6070024
2.948599
-0.3387858
-0.7308903
2.239254
3.2436
1.41771
-0.6272139
2.78569
0.471973
0.0742992
2.042488
0.7708536
3.317004
1.607389
1.80359
-1.773892
-1.471152
-0.6848706
-0.5798335
0.6338625
0.3536975
-0.6163684
0.2845918
1.054431
1.051707
2.06382
3.876732
1.315862
-0.0995423
-0.1268516
1.801987
1.364061
3.334374
2.652901
0.8392467
-0.1641232
-0.6708739
3.076152
2.445977
0.62429
-0.1505264
2.54477
-0.07641244
-0.5892382
0.9642154
0.8402167
0.837817
0.6726025
1.877663
1.586504
-0.1108288
-0.07388431
2.664127
1.305187
1.346596
3.63692
-0.8686843
2.2009
-1.458826
-1.880946
-2.366376
-1.247582
-0.88494
-0.8476962
0.2355747
2.112425
0.2242689
0.6950482
-0.0953989
1.109241
1.749038
1.224154
0.1515837
-0.01854289
0.860273
0.4653525
0.7314697
2.657524
-0.2595182
-0.1240672
2.407588
-1.196317
-0.1136435
2.438402
2.786666
0.6110676
-0.7148928
0.6301872
0.8537812
-1.008298
0.9789151
0.307667
-1.049737
1.66587
3.340393
2.259837
3.602852
3.629535
-1.61283
-1.674986
-1.2023
-1.706911
0.630245
0.6563644
1.831512
1.865522
-0.3889461
0.05243829
0.4075616
0.5072009
0.3407843
-0.0493832
1.805656
1.403061
1.814944
2.494895
0.9139513
0.6174195
-0.07093637
-0.1457388
0.1793737
-0.00661319
-1.161212
2.193833
2.157896
3.13228
1.209049
0.1538837
0.7687465
0.7555194
-0.3261735
2.265164
2.15562
1.697636
0.5927931
-0.780948
1.220568
-1.706116
-1.729264
-1.50125
1.97627
0.5622313
0.2984263
0.01003674
2.036926
0.8112973
0.6264864
-0.2325536
0.2334494
1.557464
1.497568
0.5912446
2.520032
1.123157
0.7289215
2.052642
0.7472547
-0.07771737
-1.093914
-0.2208866
0.1809727
2.518646
2.698029
2.179995
3.372716
0.1556494
1.716141
2.049082
0.6053526
0.8049768
0.6928073
0.7025161
0.2195759
0.8343362
0.7736804
0.6199226
1.593518
0.8124362
0.6292574
0.6775564
-0.06863175
-0.9334517
1.393111
1.814844
0.3590349
0.600798
2.204203
0.9138957
-0.3200313
3.26932
3.398006
-0.8511833
2.988105
3.074629
1.960299
0.6792634
1.429933
0.6080187
-2.134978
-1.874803
-1.612357
0.001533425
0.3814737
1.725005
0.626859
0.7459421
1.552854
1.431652
0.01508345
0.632633
1.673417
0.7278099
-1.748388
-1.697417
-1.680804
2.73722
1.5167
-0.08987449
0.6176435
0.19418
-0.6576079
0.499074
1.965266
0.9073226
0.9554155
2.036171
0.7384253
0.2008002
1.85766
-0.02183636
0.1588773
1.076581
0.6655827
0.6408894
1.811756
-1.024455
0.7743457
0.8791742
0.8874457
2.543006
0.7918245
1.274759
-0.008883851
-1.203413
2.760297
1.780865
2.713123
1.999567
1.956618
3.113459
0.8824187
3.208724
1.337532
2.322252
0.7248955
1.831862
0.8171456
1.886371
-0.132435
0.6070664
0.1332374
0.2996988
1.561281
0.6092329
0.9121791
-2.110498
-2.372777
-2.18609
3.118574
1.821168
0.5859223
-1.113387
-1.387211
3.102941
3.115359
0.857066
2.891527
0.8802221
3.20745
1.030369
1.827598
1.103435
0.7476461
1.29073
0.6418134
0.6749938
0.6039611
0.6720268
1.837681
0.7250121
0.7990185
0.6050447
1.066206
0.7233671
1.802713
0.02067235
1.379789
-0.2443315
-0.8712085
0.3235445
0.1752046
0.5946973
2.046801
1.844584
0.7906109
0.7025783
1.962547
0.6195947
0.6592951
1.98811
2.133056
-0.07923553
-0.1578024
1.189847
0.3659234
2.989491
0.4454209
0.2541789
0.2064271
1.509939
-1.130834
0.7482616
1.569325
1.559467
0.843449
-1.548361
-2.38416
-1.842384
-2.735221
-2.210657
0.3974501
1.782211
2.841875
0.01352357
3.10575
2.280791
1.035955
0.9065573
1.3427
0.2224863
0.4506355
1.75327
-0.5692962
0.5574492
2.248277
0.6329356
-0.9530647
-0.07461254
0.3580531
0.4844495
2.431425
2.924571
-0.1739935
1.644258
0.9131228
-0.0351943
0.1179402
0.5443451
0.6756871
0.7925306
0.8001817
0.7407095
0.8877484
1.030014
1.837886
0.7523681
0.7738305
2.071172
-0.1880811
-0.2390166
0.7394094
-0.2198239
2.424091
0.7739195
0.8025603
1.752445
0.0803066
-0.2803807
2.767988
-0.968899
2.157776
1.403983
2.59428
-0.2441884
-0.2147976
0.6082426
0.479978
1.593423
0.2813613
0.1693536
0.6255532
2.333401
0.4238983
2.056823
0.2110693
0.06730288
0.8572051
2.016512
0.5676123
0.5156088
0.7401589
0.8758942
0.8153828
0.7649208
1.14365
0.423209
0.1240502
0.7736192
0.6883859
0.6358062
-2.416357
-2.200839
-1.965269
-0.3951494
1.868767
2.523277
2.594722
0.1669361
1.722069
3.048282
2.294732
2.042939
2.912929
0.8557415
1.669745
0.09944706
-0.16945
1.192945
0.7034086
1.449831
0.8835307
1.006993
0.5319347
-2.455332
1.372787
0.694861
0.5226732
0.4117975
0.2325796
0.5164679
2.597513
0.7118592
1.634907
1.510575
0.7956142
1.460771
0.531499
2.115376
2.191533
0.8314948
0.8580691
1.073517
1.520696
0.7323619
1.583378
0.7461017
2.993339
-0.9723151
3.231466
2.626076
0.2667246
-0.1704611
-1.963291
2.092147
2.775299
0.2234636
-1.714983
-2.552073
1.924272
1.982662
-1.288816
0.8474067
-2.268425
0.4374409
0.2466868
0.1937361
-0.2731774
2.553521
0.5049969
0.7578273
0.5790467
-0.685579
1.162433
0.8166506
0.1626608
0.8368346
0.9968491
-1.198196
0.2311876
-0.01353236
0.6695038
0.560108
-1.089556
1.402285
-1.169457
0.452741
1.428077
2.505489
0.5081828
0.9091659
-0.2043943
0.7113585
0.7119801
-2.244082
3.341998
1.715951
0.1996311
-0.520273
0.6169969
-2.35347
-0.9075466
2.340713
3.256168
1.597064
1.689009
2.524411
0.7776083
1.60805
-0.3114943
-1.93156
2.133787
0.04374506
1.029304
1.564031
0.8988482
0.8183514
1.52947
0.8371334
2.634787
0.6859418
0.6167454
-0.1810602
-1.071203
0.7565445
-1.298878
1.711581
-0.2831441
0.4649018
-0.6310347
-0.1308181
0.9121628
1.958439
0.8463342
0.8028249
1.680545
2.797528
2.548848
2.805912
-1.961246
-2.04038
2.144278
2.414011
1.912057
1.71362
-1.43131
1.790448
-1.466496
0.8957138
0.3550043
0.8818952
-1.227932
0.8032978
1.857745
-0.001258934
-0.2019209
1.497611
0.6116319
0.4887303
0.3287159
1.117441
-1.276233
-0.46846
1.638152
0.8215286
-0.5724891
1.336924
2.426932
0.6296501
0.4639949
2.929925
-0.4477495
2.943968
-0.2584696
0.9109213
0.9733408
1.633902
0.9990751
0.4514864
1.243869
0.8447802
0.6835006
1.807373
0.9323151
3.046797
1.64484
-0.965783
-0.493894
3.255309
3.079066
2.487347
3.14508
3.108111
2.215965
-1.980663
1.822528
-1.90648
0.119928
-0.5326073
0.336957
-1.189386
0.6283866
-1.248725
-1.194242
0.9549259
2.022232
1.984789
2.230244
2.975311
2.119027
2.868166
2.67515
1.736971
3.215546
3.208904
0.8914658
0.824926
-2.020736
-2.255964
-1.885149
0.921145
1.852992
0.9071319
-1.100948
-1.315282
0.382572
1.696986
0.9572129
-2.143717
-0.4055362
1.736499
2.526502
-0.2126557
0.1049535
-1.050238
0.3400613
-0.6319111
-0.5163358
-1.021615
2.395665
1.137262
1.772981
1.010952
0.937256
0.6122886
0.6968129
0.9234704
2.930269
-1.296033
1.129383
1.857934
2.167549
0.9863391
2.451807
1.617694
0.4984062
0.9086647
1.365443
2.435638
0.6435979
-1.50134
-0.5030163
0.8361319
-0.679334
0.8998077
0.4628694
-0.1874798
-0.1609626
0.7304262
0.8816226
1.625291
0.9512392
0.6945287
1.395179
0.9427416
1.140214
0.788914
1.663305
2.461292
3.165702
-1.023617
3.221834
-0.5253088
1.638689
2.949603
-0.8663565
-2.297598
-1.19466
0.8687836
-1.853573
1.79919
1.888491
-1.115479
-0.5675485
0.716394
0.86252
1.792197
1.795536
1.818966
-1.011591
2.21055
2.410963
0.4336839
1.802775
-0.7390289
-0.6783458
0.8269687
-0.4101668
0.7806062
-0.4525186
2.350575
-0.2396104
0.7823214
0.8817043
1.848062
0.8192162
0.8703096
-1.244905
2.579758
2.921859
2.862665
1.54231
2.694639
2.708909
2.348133
1.568353
1.820671
-2.180404
1.641775
-1.155482
0.8073231
0.8183883
-0.2726611
-1.382587
-1.183001
0.6640171
2.02277
0.7683382
-0.1963312
1.815791
1.903408
0.6702469
0.731165
0.7358235
0.6955936
1.863652
-0.1526403
0.8737121
0.3588102
0.7508946
0.6534094
-0.9748686
2.228473
-1.125532
-0.4276465
0.4550263
1.348916
2.140033
-0.9457432
-0.3196683
0.6602193
-0.3392336
0.9968601
-0.4429939
0.7145565
0.7236733
1.76542
0.7062612
0.6683736
0.6351794
1.45166
1.710669
2.375009
2.826121
0.7015889
-0.5092771
-0.3612878
3.035879
3.123675
2.925073
1.507469
-0.8590537
-1.107385
-1.904238
-1.212009
2.093008
-1.310046
0.7185278
2.160151
1.916163
2.166788
-0.1363065
2.495047
1.729122
1.796406
1.15111
1.880643
0.4679106
-0.584738
1.708089
0.7487362
0.5608295
1.816671
2.313299
0.2425623
1.363255
2.678806
2.672378
-0.1234882
0.009676428
-0.1693502
0.8179976
1.691809
1.812373
2.289446
1.296427
2.570332
0.02413239
2.014686
-0.6913684
-0.1856206
0.6071616
0.8122209
1.915816
0.6377877
0.6598275
0.6140527
0.979281
-0.9372623
1.698019
2.289574
3.040564
2.984994
3.112605
3.114311
1.770927
2.982656
3.405554
-1.544172
-0.7438131
-1.591834
-1.877255
2.178703
0.6987491
-1.15341
0.696274
0.2412
-0.9916065
-0.2772059
0.6084092
-0.3298533
1.674497
0.5483477
1.206488
1.816433
2.328364
3.273782
-0.6994479
2.973815
3.303795
1.64882
3.254448
-0.8503233
-1.259603
-1.490748
-1.286668
2.224329
2.501185
0.6133279
-1.315256
-0.2104048
1.375523
-0.2291508
0.2062105
0.7629377
-0.8722147
-0.3583731
2.975929
-1.147546
0.151064
2.061971
-0.1267873
-0.7180243
0.8482653
1.609176
0.4408023
-0.4570432
-0.4399222
-0.8900672
1.479889
2.672986
1.189128
-0.328997
0.7502714
1.496811
0.5182016
0.6386454
0.5953311
1.414547
-1.236839
-1.134858
1.085273
0.3325378
0.4186045
0.5644162
0.6569637
1.63031
-1.391003
-1.509731
1.277462
0.04080757
3.16509
0.4414699
2.355237
1.786762
0.5645721
2.372599
-0.02066234
-0.7200876
3.012802
3.122516
-1.85082
0.4513648
0.486652
0.5638048
0.2857839
0.2607781
0.5347178
2.7231
-1.065534
2.108818
0.3280378
0.4036065
0.887044
1.912399
0.01867294
1.998508
-1.041937
2.501956
2.761997
1.66864
0.688758
1.952881
0.1231408
2.968788
-0.8041901
0.09149912
1.636675
-0.2540876
-0.08014169
1.685238
0.3871532
-0.7259268
1.749633
-0.1428718
0.08394447
0.1302969
0.6414944
0.6158007
0.5865089
0.6119492
0.8683053
1.896512
0.5338844
0.9982763
1.544696
0.7463047
1.574064
1.166055
0.5119992
1.688755
2.568822
-1.322417
-1.137037
1.63288
2.738406
1.922878
2.24561
2.718718
3.06183
2.572212
3.022548
-2.610366
2.872993
-2.521634
2.860064
-2.541472
-2.991288
1.781132
1.289346
-0.9606073
1.441128
2.296879
3.180301
-0.6280814
-0.8254164
-0.8090655
1.996106
2.127273
-0.6937246
3.186828
1.681671
1.04536
0.6272724
-0.5156559
2.465184
1.342768
0.4473861
2.49902
-0.1806881
0.5347764
-0.03552796
0.04733048
1.622327
0.6170112
2.182535
1.069399
-1.212212
-0.8501184
1.740527
0.07814546
1.89456
0.817024
-0.5610703
-0.3670185
0.4575444
0.7100891
1.447785
0.5625247
0.562494
-0.3173226
0.4442026
-0.000356442
0.3705633
-1.37288
3.216864
2.832723
-1.348413
-1.673675
1.611874
-0.7524317
3.133714
-0.7997521
2.399732
-1.706103
1.708746
0.08971652
0.5023356
2.639371
0.3718356
0.760836
-1.412544
3.182309
0.5587744
0.3457993
2.321957
0.7694885
2.255209
0.2396787
0.09244884
-0.8627438
-0.06093226
-1.710851
-1.255129
2.44554
-0.6340401
0.5539562
0.3514567
-0.3337162
-0.6627819
-0.2786051
-0.2901374
-0.229662
-0.2627336
-0.2117366
-0.2829604
-0.3595889
-0.4595618
-0.8004488
0.9242242
-1.120013
-0.9636629
-0.9208407
0.2906021
0.7537576
-0.3014386
0.5144139
-0.2669615
-0.5667255
0.4600162
-2.050425
-2.047537
-2.012952
-2.121415
-2.394889
-2.048253
-1.830642
-1.270704
-2.083512
-2.002291
-2.114958
-2.244068
0.683637
-2.0253
-0.7904571
0.1636726
-0.4036014
1.578494
2.019309
2.110638
2.329598
2.724804
2.19839
2.140226
2.432343
1.711762
-1.563834
-0.3691915
0.4137243
0.4136655
-0.6633156
-0.6599645
0.7645345
0.5952866
1.781123
-0.4167777
0.03284431
0.4206848
-1.074808
-0.06582171
1.657091
-0.9864344
2.732344
2.423904
0.3926417
1.846042
1.84674
2.211216
3.219066
0.9463371
1.878133
2.141684
0.643515
1.761037
2.804515
1.57764
-0.4417964
0.5197131
0.3896779
-0.6098354
2.116138
2.085695
0.09886898
-1.284574
-0.6723716
