-2.398986
-2.064691
2.139481
0.6457243
1.533507
1.427952
1.995009
2.05816
-1.736407
0.4513686
-2.060982
-1.871888
0.4051384
1.494205
1.299688
-2.919852
0.1259647
-1.807452
1.105013
-2.21045
-0.9331686
2.240354
0.7030975
-0.04643831
0.8191519
-2.289085
2.204084
0.9959354
-0.5548797
-2.329251
2.045496
-0.01069299
-0.3657385
0.7854263
1.222879
1.437896
-2.723824
-1.333637
0.7192708
1.504627
0.3568414
-1.877547
1.970755
1.588196
1.092545
-1.589921
1.189289
0.2471244
-1.311687
0.3775101
1.44697
1.235598
1.384363
1.597878
1.306608
0.4897368
0.9469467
1.332011
0.3864286
-0.7124424
1.77527
1.630199
-0.7372354
-0.1444216
-0.1854805
-0.5504919
0.658078
-0.3131322
1.151321
2.14164
-1.541968
-0.1135054
-0.9216018
1.636148
-0.6559475
0.8465493
0.4186153
-0.914141
1.626536
1.580192
0.4974841
1.555731
0.3061838
-0.6478573
-1.759195
-0.883428
-1.210367
-2.053033
0.1728819
-0.6923359
0.6532611
-0.4653359
1.368759
2.222655
0.4376357
-1.219044
-1.725631
-1.261922
-1.160784
-1.67675
1.469155
0.1381828
0.689222
0.392538
-0.4196428
-0.8252365
0.8245571
1.352102
-0.5205876
0.433849
0.8305475
-0.9894961
-0.4378926
-1.273367
-1.851798
-1.043968
-0.9219234
0.6759046
-0.7898236
1.179283
1.261095
1.310632
1.219392
1.785158
1.551587
1.427608
1.282987
0.9693401
1.383595
1.375105
1.161356
1.353017
1.046059
1.425688
0.6019544
-0.8551252
-2.148011
-1.452242
-0.3556574
-2.175951
-1.9319
-1.980461
-0.59637
0.3862481
1.526002
-0.6366803
1.113518
-0.2086309
-1.554692
-2.081311
-1.998541
-2.009604
-0.7121043
-0.6573178
-0.3389839
0.5726922
-0.7478801
1.482854
-2.305928
-1.795449
-2.043036
-0.6031897
1.013987
0.6342843
1.687754
-0.5705956
-0.6497842
0.8551062
0.3647301
1.278831
-1.864864
-1.83227
-0.5406792
-0.491894
-0.7477129
0.9618503
-0.1342118
0.7562098
-0.2937561
-0.4658063
-1.641432
-1.474818
-0.7915873
-0.7072467
0.1919052
1.011118
0.06356148
1.389384
0.3996051
-0.817028
-0.5428592
2.188523
2.454276
-1.827245
-2.027989
1.059326
1.600807
0.9103494
-1.82697
-1.68392
-0.3838739
0.009886687
1.362752
1.161893
0.1871569
0.6554378
-0.3070461
2.268774
-2.308175
-2.027724
-1.83134
-1.701908
-2.026635
-1.998613
-0.7441464
0.1854366
1.419973
-0.8844408
-1.094318
1.659474
1.408412
1.43698
0.6391846
-2.126698
-0.8676881
2.00556
0.6107309
2.116391
2.032623
1.078508
1.512002
1.337212
-2.231735
0.1209441
-0.4286821
2.297723
2.016718
1.979554
-0.3958621
0.208191
2.549771
-2.98979
-2.606667
-1.841988
2.154198
1.630433
-2.157726
2.89241
2.561461
-2.712714
-2.37469
-2.763945
1.773573
-0.8750748
-2.648299
0.4291804
1.076265
-2.586168
-2.634947
-0.9063205
2.611691
2.557658
1.784512
-2.483889
2.358115
1.239114
-0.2977072
-0.2711388
2.354153
-2.019841
-2.715171
2.668115
3.168293
-1.134897
-1.728831
2.268993
-0.850185
-0.4858416
-0.5672634
2.113647
-0.9217505
-0.6244453
2.785254
-1.818618
1.990494
-2.761585
-1.176094
0.8441338
2.435817
2.24528
-2.022795
-2.357217
-1.819837
-0.6465701
2.297853
1.653956
2.456609
2.277683
2.252813
-2.377451
-1.404712
-1.423366
2.068176
1.902233
-1.033682
-0.9405838
-0.6359999
1.895852
-1.242258
1.461603
-2.40303
-1.057882
0.7314782
2.113878
2.520968
1.186752
-1.025924
-0.777544
-0.5965128
2.093936
-0.8214781
-1.792212
-1.378875
-1.273336
1.365147
0.3112314
-0.5925907
2.159727
1.177768
-0.862262
-0.3979706
1.889082
1.170049
-0.893973
-1.998201
-2.334824
1.955542
-0.8098055
-1.254671
2.037159
-1.641093
-1.91568
-1.742115
-0.8988286
-1.056244
1.522956
-0.6221265
1.627409
-2.297282
0.4145914
1.153379
0.8990104
2.43598
-1.755987
-1.072508
-1.862675
-0.803081
0.8302016
-0.7945238
-0.9639596
-0.3924012
-0.8067857
0.5298197
0.9222959
1.115691
2.082258
1.011276
1.78164
1.230411
-0.8986114
-1.731488
-1.968231
0.5534623
0.341375
-0.7094062
-1.725695
-1.108354
