0.2459143
0.4199445
0.2634712
-0.5336031
0.1718434
1.944303
2.968027
1.607353
0.07422847
0.03040184
0.1139833
0.8462199
-0.7269104
-0.2051479
0.6935164
1.004432
-1.436671
-1.125999
2.962446
1.702652
1.733849
1.474433
1.186625
1.915172
1.874822
2.695018
2.72513
1.202722
0.979172
2.123225
1.669775
2.744566
0.04590773
0.2772354
1.870659
0.9544107
0.7351611
0.7115649
0.7820786
0.8929961
1.873843
-0.1499011
1.047066
-0.5165588
1.26424
1.13665
0.09979955
1.493479
-0.6028651
1.432262
2.438685
1.326628
-0.2974521
-0.66118
1.121431
0.5255495
-0.4227834
1.041665
1.134871
0.7421226
0.6438836
1.895812
0.6693405
1.304875
1.850199
1.014617
2.50695
2.092267
-0.9249166
0.8950304
0.3461016
0.4510144
3.124986
0.5098125
0.6894956
1.09485
0.9740998
1.481083
0.6034297
3.17136
2.706007
-0.3979388
0.1203187
-0.5704774
1.814634
1.003297
2.109829
2.145591
1.531122
0.2563999
0.1530138
0.4490229
0.6321976
1.735153
-0.1393257
0.4694321
0.9943283
0.546612
1.290515
0.2648518
0.2203627
3.16774
0.1491417
0.8207116
0.08008003
-0.3221589
-0.3214056
0.6222783
0.7147114
-0.7813498
0.1489826
0.2823334
0.2914277
1.965297
1.259584
-0.3428527
1.195547
2.488479
0.3431658
0.4839212
0.4981588
0.658111
2.953649
0.2266733
0.8512347
0.5852031
-0.3962296
3.248909
3.674453
0.3557137
-1.421332
3.215678
1.30891
0.1003156
1.147702
1.046387
-0.2103952
0.2885203
1.224288
1.239677
3.430373
1.372343
1.948387
0.7206648
0.9204554
2.617839
0.2800292
1.209626
0.8205996
0.9254203
0.5771101
0.3091953
0.6877565
-0.05411881
1.653178
2.305866
-0.2466773
-0.8447243
-0.3790447
-0.3513694
1.032147
0.2348138
-1.098518
-0.4008328
0.5133965
-0.01685102
-0.7947031
0.08712591
-0.2738501
-0.06459189
0.9872525
1.747755
-0.2011859
1.574299
1.538359
3.317222
2.199919
1.800722
1.157313
0.4909606
-0.5801338
-0.4491323
0.1485782
-0.4157569
-1.826246
0.9500213
0.9206972
0.4874604
3.795179
1.213289
2.22821
1.884639
-1.957516
-1.815616
0.4695915
1.227748
1.252228
2.614073
3.243756
3.01906
3.079608
2.187811
2.380869
2.473747
3.170129
1.849575
1.840532
1.63689
2.575628
-1.542979
-1.60834
2.105789
1.89325
2.500398
1.582352
1.978435
3.089949
2.061041
0.3589413
1.862558
0.9715753
-0.3195766
-0.8315479
1.187222
1.160025
1.118564
1.465457
1.169812
1.899436
1.418227
1.265332
1.373747
-0.7434338
0.7706586
1.032045
2.0936
2.524316
-0.639241
-0.4276753
0.4879095
-0.6134873
0.003768894
1.200987
1.426346
-1.054709
-2.041462
2.237376
1.227317
0.09685424
0.496742
2.001474
0.1574006
-2.625058
1.828614
1.793895
2.282736
1.077929
2.540476
2.416348
1.453403
1.467656
0.7123152
0.2494805
2.266994
1.24546
2.155214
2.976628
2.810464
1.768401
2.084361
0.4104252
0.1561853
0.6935617
2.901683
1.115565
1.622472
1.237502
1.592772
2.326188
2.188233
1.980536
0.6211479
0.2093669
1.659218
0.68781
2.499541
1.944553
-0.7223182
-0.9539636
1.319156
-0.2482489
2.727614
1.983916
3.029802
1.180241
0.335324
2.390907
2.34414
2.670676
0.4053212
1.221547
3.05474
1.432894
0.9573476
1.511393
1.315598
2.04764
2.485813
0.478652
2.677221
1.749052
0.8607054
-2.168687
2.154217
-0.7805704
1.195455
1.583575
1.480169
0.7075326
2.599815
-0.9578512
-0.9707536
-0.7411296
1.525158
0.1954571
-1.892782
1.78552
4.116705
1.785703
2.235894
2.330507
0.3857191
1.945648
3.372969
1.518825
0.5866164
0.213381
-0.05291176
1.311589
1.865875
0.09766841
2.574099
0.7190913
2.723208
2.253564
0.4354393
2.987117
2.170532
0.6526505
0.4808359
1.829021
2.01081
1.814234
0.4203936
2.541844
1.209953
3.515491
-1.035697
1.373735
3.505838
3.199436
1.930269
1.583821
2.302615
2.223357
2.24162
1.2532
3.02698
2.082959
2.144058
-0.9717663
1.888027
0.2361636
3.090107
0.9555767
1.929478
3.008977
2.278897
1.456423
-1.329967
1.728957
2.196603
1.702591
1.141188
1.034934
2.969937
3.149846
0.324018
1.218488
0.9052959
1.85645
2.10225
2.028879
0.01450318
0.8879073
-1.014161
2.415223
2.083688
2.977331
2.000539
1.997145
1.686906
2.372519
2.61616
2.669118
2.873227
3.433828
2.090874
3.060749
1.917614
0.9403028
2.90985
2.971568
1.584096
0.04327031
-0.296781
2.123502
0.5539999
0.2550381
1.338444
0.08434852
0.2620485
0.07506358
-0.3508519
1.993863
2.469942
2.02746
1.682331
2.670159
2.57505
2.35135
2.092674
2.270401
2.441572
1.435361
1.670788
0.9927962
2.96417
1.83334
0.7734448
2.232661
3.941625
2.860652
1.872539
2.068399
0.6969698
0.3648006
0.2074444
1.708777
3.100473
1.757685
1.831577
-0.5960742
0.09575741
0.2588398
0.6157409
3.19212
-0.9536462
3.339685
1.097971
2.410618
2.536182
2.921175
3.323257
2.895826
2.039345
0.4783354
-0.3401305
2.43759
1.957599
2.819506
2.874667
1.019555
-0.5353043
2.49079
3.20334
0.8844056
2.218924
2.360112
2.091581
2.094332
0.6460707
-0.1170734
-0.225781
2.038921
1.437629
1.80386
3.110676
2.360397
1.737604
1.035406
1.763353
0.902285
-0.7382731
2.053328
2.546669
2.289713
2.122923
3.136597
3.134608
2.34321
0.3004546
0.8410298
3.172935
3.896653
4.077139
3.604276
0.5099312
2.197927
1.26717
2.39556
2.469033
1.416295
1.302995
-0.1915632
0.7195191
0.7280355
2.790293
2.548036
3.122483
3.208415
3.127315
2.782175
2.177541
1.954152
2.281209
2.122595
4.214767
3.348995
4.433702
1.351254
3.453889
1.638793
2.584048
1.584685
1.662101
1.164203
2.552673
2.901582
-0.2571038
3.494999
4.366524
4.240672
1.171684
0.6450814
0.4196829
0.08142002
2.665914
1.307522
1.774811
1.547152
2.337543
3.346594
1.328387
2.743262
2.153557
2.554944
1.801934
1.780005
2.795149
3.362148
3.270807
3.158082
2.680398
4.109564
2.578592
0.6277215
3.213141
4.128158
3.416701
2.113196
2.108826
0.3880958
2.725845
1.02343
3.401774
3.208989
2.9279
4.009474
3.320711
3.431943
2.488491
2.451433
0.3525637
1.840562
3.058484
0.3714767
0.2152671
0.146256
1.016136
0.415016
0.4059227
0.8026451
0.6276229
-0.07548181
0.4796182
0.3600969
0.5253249
1.038063
0.9865782
0.7254759
0.2334519
0.1020382
0.4032281
2.084628
2.29193
2.773183
0.499172
0.1538231
1.494195
2.240146
1.802251
1.206881
-0.3479714
0.6052148
1.426297
0.8592988
1.022352
0.914158
0.7896224
2.158743
0.5638179
0.9975495
1.840706
3.231987
2.570499
1.850354
3.598363
-2.503734
3.553441
3.434942
3.926136
0.1362258
0.04094463
1.544939
0.920559
2.509537
2.065007
1.139093
2.919214
4.501653
2.493655
3.416662
2.109717
1.849872
2.84733
3.452645
3.99056
4.336605
1.419558
2.653601
2.266902
1.893505
0.430459
0.4928443
3.576714
2.975253
1.603573
2.568628
2.529577
1.602119
1.602031
0.6817527
0.7442989
1.045941
0.8242598
2.199454
0.5008801
1.351949
2.095933
1.537917
1.006013
2.747028
2.655377
0.332737
0.6025902
1.044909
1.048376
-0.9823937
3.011003
3.242125
-0.1110604
0.9733247
0.4900517
1.514407
1.090473
0.7147915
2.15916
1.675134
0.9142474
-0.007494184
0.7801183
1.167741
0.5824175
1.069869
2.497344
2.210842
0.6026259
3.007556
1.680154
1.407359
2.399148
0.8187579
2.96912
3.221468
3.678166
2.591063
2.419021
2.817585
2.73739
0.5486611
2.763922
0.4520731
0.2619297
0.6160749
1.593205
3.53871
1.451145
1.189697
2.314121
2.056954
0.6015184
0.3042335
0.09298454
0.2167091
0.3746344
-0.8122243
-1.436522
1.833022
2.270894
2.772464
3.099992
1.373629
0.8903219
1.523118
2.576509
3.328661
1.112996
1.213833
1.812748
4.894997
2.012716
-0.00482992
1.553172
1.764682
1.388365
3.381792
2.688459
0.8773293
0.1700479
0.6786234
2.921866
1.99813
3.327296
2.694819
2.546083
4.353163
0.8586233
3.178166
2.079409
1.168584
3.504617
1.275876
3.535699
4.041251
3.647445
3.226504
2.396443
2.446408
0.8071458
3.658599
3.192271
-0.1993168
2.938085
3.752502
3.021018
2.151893
2.621627
2.604725
2.223084
2.659582
3.014732
3.054009
0.1750846
-1.111663
4.400147
2.844157
1.205954
1.480549
2.715492
2.054289
0.8708937
1.197889
2.150387
4.93937
-0.2257083
-0.1842249
0.06952227
1.126584
1.801913
3.919205
-0.4716298
2.438868
0.8104887
0.6315754
1.115721
3.185317
2.509171
2.919141
2.496969
3.128484
2.325902
2.23092
3.116684
1.825202
3.911936
2.852495
1.012614
0.9897034
2.970144
3.74334
2.503065
3.810144
0.8004743
2.6939
4.062315
1.174928
1.455839
3.079092
0.5455931
2.049809
1.999711
2.342633
1.588035
1.771534
1.274946
1.094798
3.089598
2.768126
3.427827
2.543754
0.04562524
0.3367019
2.860575
3.158104
3.485473
3.137351
2.335066
2.462267
2.996211
2.338707
1.495577
2.755395
3.706842
2.972859
2.306898
1.843705
2.655103
3.352299
2.56018
2.874679
1.998922
2.842677
3.068361
1.994184
1.954644
1.003217
1.487438
3.346136
1.83115
2.868777
3.65495
5.664516
1.712284
1.021313
3.171085
2.731189
2.183297
0.005365193
2.440538
2.679883
1.134645
2.936164
0.147685
-0.1939157
3.344383
0.7869947
3.334336
3.080969
-0.1674037
0.9599517
-0.3595324
2.387764
3.386479
2.217333
1.824091
2.582503
2.472713
1.617072
3.432102
2.571788
0.9101378
0.9347386
2.86998
0.4844781
0.4709296
0.8041606
0.03161507
0.2475689
-0.1310858
3.814613
2.343976
2.855016
4.106487
2.613228
3.209996
4.047899
2.529281
2.458243
3.539471
2.340866
2.737762
4.758481
3.060528
2.917531
1.117707
3.279478
2.412316
2.68243
2.864872
0.3478555
0.04328335
0.8717637
-0.127123
2.734932
3.116347
2.780588
4.000432
-0.09141793
0.8495835
1.153272
0.7980757
2.229473
3.002664
2.879491
2.628275
2.357749
2.921907
3.209943
3.566303
2.778568
1.525204
0.6640561
0.6882376
2.298883
2.623929
2.193338
3.295696
1.497605
3.742486
3.651991
1.992218
3.684588
-0.3472464
3.59617
0.1921082
1.039743
-0.4268401
2.830973
2.071556
0.08824446
0.1996062
-0.03087648
-0.3741921
-0.3685172
1.24345
0.8703159
4.635594
2.608321
4.336262
2.935064
3.32404
2.67595
1.702792
2.987488
2.708969
0.4550678
2.91252
2.902822
1.287306
2.150597
3.560039
1.592381
2.499611
2.554029
3.243788
1.732217
1.842288
3.978658
1.361137
0.8928208
1.922342
0.8878132
0.5151877
-0.2690125
2.292748
2.646813
1.612111
2.287948
3.04426
1.336485
3.299672
0.4690859
0.0256869
3.103405
3.041081
3.689458
3.840808
1.615072
1.471015
3.433365
2.484067
1.02343
2.032804
2.498913
1.785839
3.275327
0.9445082
2.667881
3.36918
3.118693
3.629812
3.480346
1.07399
1.307978
3.675153
4.234332
0.8394326
0.2013325
1.53198
3.315894
2.913555
2.890858
2.707967
3.366607
3.186266
2.340974
0.2934852
1.738972
1.134517
1.521687
1.58153
3.063118
3.779732
2.377696
-1.527052
1.920716
0.2170391
1.100921
0.3102462
1.423769
1.677255
3.19393
3.164486
3.065628
4.145394
2.312973
1.594677
0.9777411
1.642276
1.77098
3.558469
2.742598
3.287262
2.910297
2.296738
2.218234
2.457323
2.051145
3.711976
4.719906
1.552389
4.121155
2.162743
0.8488386
2.365576
1.598523
3.010957
2.594403
-0.01748766
5.038872
2.646199
2.111618
2.577133
3.957775
3.457884
3.896983
1.986871
3.202366
0.9516468
1.459981
0.5018082
3.764294
1.735257
1.297274
3.087421
2.961731
3.743688
2.783295
1.625326
0.467133
1.239744
1.874276
2.799519
2.847058
-0.1453546
0.2314956
-0.1774002
-0.07520292
-0.06655943
0.026094
0.9011568
3.116229
2.012365
3.269114
3.702304
3.051988
2.119048
2.892942
3.058984
3.045682
2.64236
3.782224
3.487766
2.78127
3.1738
2.8934
2.288479
2.110004
2.413593
2.864361
4.261227
3.234593
2.677079
3.161806
2.971048
2.513022
3.013228
2.813331
2.794931
2.912002
3.508052
2.838301
1.852514
2.042637
3.093339
1.654517
2.121291
4.08264
-0.0609752
-0.4971237
-0.218752
-0.3514859
-0.5465655
-0.274828
-0.286403
-0.7365338
1.638961
0.03906171
0.8021166
1.820806
1.352589
2.484844
4.511095
2.27903
2.507524
2.143528
2.801459
3.248528
2.544386
1.905046
3.141032
2.065363
2.229816
1.422292
2.037868
2.405441
3.342238
2.026238
3.37714
0.6917079
1.893704
1.333107
2.915053
1.750492
2.185518
0.1362577
-0.08180154
2.296127
2.531967
3.176387
3.13779
4.211478
3.5552
3.440631
3.423348
2.683257
2.791931
2.680373
2.428379
3.533434
2.039898
2.356186
2.715004
3.227382
4.185738
3.41709
5.09908
1.639774
1.094954
2.263195
1.747499
3.817204
2.104485
3.709433
2.925876
2.931077
2.013555
2.971434
2.553961
2.937796
3.882281
3.162878
3.399794
1.80202
1.728521
1.836989
0.6940243
2.974523
-0.2338483
2.059314
2.371968
2.520145
2.066553
1.831846
3.484212
3.668187
2.847597
1.172686
2.216036
0.4364717
0.7082711
3.054658
3.086363
3.498517
3.482357
0.8565622
0.8287466
3.398042
0.7827087
1.729307
0.06294303
2.485467
2.514681
3.049668
3.2706
0.8252848
2.877864
3.258251
3.064285
1.698317
3.956724
3.259043
4.128568
2.652123
-0.01248466
4.351871
1.538499
0.6422976
3.014808
2.211343
2.081239
2.522698
3.319682
3.804453
3.164627
2.88553
3.215376
4.000249
3.831673
3.284537
2.465762
3.763489
3.155914
2.640116
2.9897
2.949933
3.557824
3.558937
2.816892
1.414179
2.319906
3.218544
3.671331
3.693059
1.41261
1.169686
2.929909
0.4837918
1.781543
1.724156
1.512198
3.848607
3.687863
2.126114
2.240894
2.40014
3.486125
1.550808
0.4796624
4.727138
2.531048
2.379766
2.672463
3.639452
3.112628
1.568519
1.60491
2.451664
2.123689
2.088624
2.484257
1.041089
1.030022
1.488724
1.047971
2.137727
0.253527
3.015066
2.33761
2.109846
3.097384
2.10347
1.317218
0.3941534
3.399365
2.388916
3.398843
2.806468
2.856004
3.87539
1.793481
4.618313
4.219947
2.437468
2.309177
3.531628
2.340604
1.934939
3.093944
2.829434
3.260785
3.341437
4.340358
1.676574
0.7540661
1.576954
0.7647021
2.496394
3.344125
3.25821
3.520343
2.806711
3.663848
2.624904
3.911191
4.330624
2.92098
3.399916
3.030165
3.22554
3.168155
3.71603
4.24994
3.125212
3.735965
2.752518
3.763209
3.444828
1.320294
4.21001
2.519889
2.959485
3.060481
1.334342
1.877524
2.935529
4.451981
2.516892
3.180525
2.329315
1.870672
3.552589
2.269066
2.07859
0.6798993
0.8288866
2.411609
4.163947
3.034435
2.916213
3.861666
2.6634
2.678591
3.987482
3.339007
2.667075
2.017277
3.377777
1.944462
3.321127
4.775712
3.469126
4.026467
2.934413
1.722421
2.491038
3.997629
1.922636
0.7417669
0.9973454
-0.6880245
-0.06733931
2.058878
2.371037
3.222583
2.539979
3.052456
2.627741
4.17701
2.681993
3.552019
3.191054
2.922455
3.11008
2.72299
0.9399333
3.942431
4.08679
2.6324
2.535771
2.061346
2.413493
4.501017
2.010128
2.233937
1.612648
-0.1795889
2.432398
4.019236
3.412612
3.81452
3.475714
3.903361
3.026094
3.690277
4.248012
2.871849
2.322943
3.226007
4.39388
3.201638
1.406674
1.828057
0.8258038
2.051488
1.794623
2.710158
0.01957631
1.2913
3.368379
2.758812
2.129125
2.630242
2.610281
3.949361
1.643143
0.6172436
2.029907
2.42712
4.676692
3.405734
2.566268
1.585921
3.555552
2.330412
2.581549
2.523523
1.940101
3.182758
1.512863
2.515804
3.101352
4.056427
3.215073
4.169052
2.623992
2.49592
3.568676
3.182993
2.328783
3.027363
3.039174
3.254668
4.218406
1.913535
2.268196
1.091576
3.176624
1.18087
3.18647
3.82304
2.191356
3.283733
3.077378
3.481021
3.816239
3.974628
4.772782
2.146603
1.636277
3.281644
2.304621
0.7802775
3.465167
1.240028
2.461816
1.521772
3.925657
3.273783
2.023711
4.024362
2.066392
3.155246
2.585225
3.120595
3.753426
2.989395
2.597144
1.856073
3.800366
3.331457
2.575521
3.260869
2.581172
3.316341
2.775378
2.034673
3.773532
2.309302
2.027836
2.925381
4.512058
2.506423
2.59989
1.33984
2.305804
2.613852
2.559178
2.447709
2.912538
2.565163
4.014996
3.178183
1.514886
3.075419
1.754737
2.420147
2.699713
2.05885
2.959503
3.076718
5.021791
3.652914
3.401369
2.494739
3.99479
2.300497
4.145842
3.773213
3.561688
3.835042
1.7701
3.835438
2.824589
3.547229
3.608647
5.062599
1.186868
4.378508
3.396077
2.751348
0.7358955
1.547244
3.360773
2.407406
3.364344
2.826308
3.53524
3.011425
4.00886
2.963136
1.722612
3.302905
3.053052
2.665763
1.974624
0.8169484
3.317093
1.624744
1.277356
1.204428
1.364079
1.486121
1.487818
2.960879
2.996233
3.105833
3.631389
3.354595
3.443102
3.124242
3.411778
4.590091
1.944367
4.319284
2.227479
1.818181
2.635268
2.885361
3.512841
3.961263
2.84496
3.89392
3.70958
3.993063
3.974488
2.080347
2.574382
3.263835
3.399345
2.84106
4.741678
1.843826
3.345344
2.897816
1.755175
2.264846
4.663856
3.830572
3.724037
3.422958
3.817251
2.05171
3.912703
4.878066
4.152613
3.478412
3.267241
3.567564
5.00458
4.679591
3.592825
4.918168
2.649023
1.230842
3.159012
4.068749
3.846464
4.595097
2.827408
3.594583
2.066469
2.193759
0.8421343
2.625376
3.958811
3.793719
3.510971
2.981542
1.818928
1.783711
1.923037
2.150575
2.064205
2.940357
1.884081
3.723496
1.297027
1.076705
1.630017
3.943924
2.579807
3.964843
2.867251
3.1627
2.225586
3.23236
2.541558
2.349806
2.746066
2.759166
2.411986
3.588429
4.443494
3.887458
4.540267
1.54495
2.440396
2.835534
2.477933
2.7787
3.618071
3.871301
3.676006
3.594416
4.387062
3.73345
2.534523
2.862792
3.229837
3.839839
4.574737
4.032457
2.179824
1.009058
2.71601
3.630119
3.313437
2.164143
2.898258
3.104749
4.150371
2.115193
2.899534
3.327742
2.584545
3.46679
1.845118
2.416523
2.216182
3.05712
3.19038
3.35597
5.528587
3.389657
3.515967
0.9336002
3.923455
2.569044
3.975953
3.221524
2.893994
4.729728
3.51236
3.592263
3.4307
3.456752
3.022515
3.569214
4.160532
3.678411
2.542981
2.696391
5.290912
2.992139
3.106784
1.802639
1.665217
1.531697
1.657633
5.390188
1.536042
0.9329944
4.378496
3.125114
3.614987
0.9568542
3.46751
3.080629
2.319437
3.627766
2.595155
3.813407
2.776706
3.434826
2.229024
1.916688
3.86275
1.042588
3.328875
2.978221
1.142796
1.530256
3.492548
3.587848
4.105845
2.221556
4.681839
1.306856
1.625646
3.474323
1.252657
2.619443
1.215309
1.21111
1.700719
0.9708793
2.508383
1.503618
3.721303
3.630468
0.9146257
2.016409
1.88347
3.635375
1.327846
3.011508
2.736438
3.760661
2.790361
3.824779
4.626509
3.468149
3.052847
4.782156
3.512599
2.770806
3.953627
2.913158
2.644055
3.533774
4.040185
4.258098
3.783488
3.139734
3.753232
3.612994
3.159861
3.257322
3.805094
2.419181
3.76113
2.835595
3.330691
3.384748
3.118629
1.290362
3.697812
3.337151
4.921613
3.247425
1.634253
2.868814
3.416141
4.56317
3.27481
4.181978
3.876679
4.050264
2.660554
3.283462
3.080255
4.477865
3.372142
2.872658
2.621483
2.640272
4.031874
3.516222
3.698823
3.804647
2.991372
3.300555
4.203507
3.252551
1.957349
2.488644
3.404361
3.94366
1.733136
4.38143
3.781083
4.266398
2.095739
1.669807
3.204011
1.898591
2.612178
1.008589
1.846244
2.676654
2.668297
3.10697
3.30891
2.294412
2.939206
3.298094
3.601204
3.316036
0.3029001
4.361832
3.147208
2.349638
1.391015
1.709501
3.696033
1.659798
1.535284
1.954516
2.046688
1.347692
1.859531
3.182595
1.992379
1.94272
1.450221
1.316223
3.129066
3.737171
3.100015
1.874175
1.947914
1.644939
2.379578
4.54386
3.083378
4.306744
3.913582
4.472523
3.261562
1.849497
4.146552
3.124113
2.574407
3.475153
4.15717
2.808068
2.650878
3.950467
3.921723
3.967936
2.696938
3.271881
2.163746
3.199007
3.468403
3.218187
3.543347
2.974242
2.427157
5.229525
2.973027
2.757229
2.198026
3.760435
3.212989
3.480696
4.284887
2.531367
3.919672
1.087427
2.011591
3.858804
4.008517
3.670018
2.543953
1.714363
2.37273
1.856001
4.983345
3.223342
4.008955
3.693389
3.062978
4.568387
2.3293
2.800603
2.611057
5.267196
3.066591
3.44125
3.342017
2.165648
2.191767
2.957563
3.271502
3.938847
3.308098
3.825391
4.799896
2.997422
4.291141
1.569206
1.474371
1.598051
1.344833
4.350485
2.546078
3.100579
0.7169646
3.103956
1.775162
3.181381
2.389052
2.577252
1.480113
2.848215
2.101517
1.977324
4.453444
3.944455
1.671111
2.015943
1.726562
3.858492
2.739272
3.879782
3.677689
2.31275
2.546146
3.291552
3.113494
3.939646
1.799336
4.37785
3.549667
3.421981
3.540898
3.697122
2.31929
1.74136
3.723259
4.336287
3.636297
4.186511
3.962699
2.75539
2.778367
2.280923
3.012538
2.173154
2.083426
4.112896
2.924213
4.038133
3.393752
2.633522
4.88459
2.390686
2.847761
2.849809
2.533797
3.777973
4.077561
3.731989
3.824308
3.227054
3.292229
4.365968
2.148219
4.135894
3.1952
1.985297
2.988026
1.932128
2.248396
4.307742
3.2949
3.243365
2.181849
4.034377
4.544939
1.848776
1.757287
4.754023
3.712152
3.490966
4.410534
2.234588
3.751784
2.145956
3.493658
4.377324
3.025797
4.354866
3.996599
2.546284
2.057098
2.985884
4.387562
3.241996
3.134806
4.135168
2.541291
2.670029
3.821619
3.765702
3.807622
4.741202
3.977231
3.491676
2.134269
2.217304
3.042337
4.831542
2.74988
2.420477
3.001707
3.833887
4.660347
3.084727
1.857836
1.042889
1.313646
1.976471
0.5839051
2.954818
4.631697
3.201006
2.593065
0.9125712
0.8581699
1.272319
3.33955
1.348473
2.459685
1.304947
0.6212493
1.440952
2.096373
0.6004651
1.308358
1.218938
1.130297
1.920517
1.125605
3.551419
2.671752
3.628452
1.414577
2.157179
1.081878
2.445803
3.509147
2.388715
2.751117
2.365068
1.470874
2.178812
3.26392
4.365401
4.169847
2.293068
2.655628
3.624165
2.621512
2.919027
3.775828
3.095126
2.175487
3.190712
3.180793
2.101231
3.556415
3.264759
3.461333
3.073229
3.690668
1.586776
2.346547
2.567582
3.521387
2.352809
0.9877523
4.10523
3.665427
3.570149
3.739797
3.72818
4.268698
2.861721
3.934893
4.191408
3.880619
2.778023
2.221342
3.157107
2.531574
1.851359
3.900478
3.288044
4.402237
1.556181
2.862493
2.729631
3.101361
3.477033
3.065009
3.07846
3.373524
4.063821
2.542268
3.055489
2.724765
1.930738
3.79164
2.98335
2.173732
3.649447
2.651999
3.195583
1.765371
2.094316
2.801903
3.024963
4.363883
4.489035
2.62973
3.0411
3.995571
3.543897
2.964679
4.479801
2.534717
3.350599
3.571427
1.79847
2.254353
1.943593
2.82524
4.524893
2.805777
1.632614
2.958234
3.163573
3.07803
1.919026
2.493065
2.072255
1.610653
2.160244
1.35432
2.031695
3.338499
1.717453
1.316711
2.193615
2.923779
5.263114
3.855857
1.56767
2.2446
4.856266
3.038854
2.347143
3.637818
4.381525
1.085321
1.3228
1.379297
4.754608
4.666688
4.143517
1.946568
1.196652
0.2650801
3.102902
2.785292
3.024257
2.59535
1.117976
1.862302
2.58762
2.818493
1.617572
2.400272
2.161366
2.126823
2.547576
3.869692
0.8193842
1.892858
1.188841
1.245139
1.931732
3.533956
2.1528
2.539517
3.495903
3.195733
1.850373
1.615576
3.087845
3.761431
2.053721
4.16078
3.726906
3.290023
4.636497
4.207166
3.227679
2.889704
3.355629
2.554438
3.699119
2.721328
3.093532
3.002527
2.128148
3.593986
2.805565
3.804986
4.151834
3.629404
3.629308
2.427658
3.624135
3.151744
3.457332
2.548475
2.28334
1.284825
4.275627
2.734639
1.970749
2.145515
3.529524
2.616503
3.654162
3.025033
2.492681
2.230036
2.752109
2.166177
4.163062
3.346557
2.65679
2.515893
4.641965
3.285257
5.57164
0.7488356
2.510273
2.746885
2.120078
3.146419
3.977393
2.607009
4.357464
4.560626
3.308151
3.325545
3.852723
1.441766
2.683993
4.416376
2.429
2.522065
3.767888
3.392754
1.675705
2.890502
2.826182
3.776463
2.36588
4.063534
1.255042
2.489966
2.732556
5.238778
2.499851
2.731302
2.094006
2.885546
3.59316
4.429412
3.15115
2.650522
4.480965
3.687388
3.182739
2.645691
2.291559
3.391325
1.543205
2.471178
1.891469
4.002211
1.549651
1.690669
5.148616
2.797323
2.576271
2.039305
4.278978
3.306335
1.312014
1.492144
1.350095
4.085245
2.540617
5.656413
4.393515
3.210887
2.787017
2.66862
3.985357
1.234356
1.307678
3.73506
2.600571
1.119432
1.881761
1.483725
1.769262
1.971169
1.493361
1.888923
3.789171
4.010355
3.275126
0.4847863
3.052882
2.511493
1.687585
2.83318
4.26023
3.300952
3.757464
4.010004
2.976908
3.235081
4.095951
4.979321
3.140483
5.032939
3.596855
2.49638
2.427461
1.919247
4.316455
3.441397
3.694601
2.758775
2.44665
3.789247
2.431755
3.687573
3.32115
3.416146
3.052733
2.101029
3.226548
2.194185
1.866278
3.42399
2.322128
3.105207
3.456024
2.162344
4.733383
2.876671
2.499129
1.955967
2.240275
2.304188
3.437148
1.408724
3.299261
3.367582
2.937647
2.992574
2.393014
4.606668
2.396213
2.932275
2.905358
2.720371
2.189882
2.701375
3.26093
3.376181
2.148508
2.709152
3.253269
1.07798
4.11305
3.866277
1.6192
2.627334
3.612053
4.926808
3.031734
3.442814
4.39202
2.668644
1.327076
2.144502
1.600133
2.741983
2.793361
2.970007
2.425601
3.210301
2.301981
2.381034
3.145094
2.935806
3.252196
1.45677
1.241892
1.286858
1.376499
2.262532
3.220324
1.55606
5.74451
3.282947
3.616282
2.546372
2.798856
1.410083
3.999546
1.496382
0.9231226
1.172211
1.429758
1.425279
0.9522714
3.427859
3.193333
3.608022
4.312452
2.643099
2.463614
2.221014
4.513995
3.183429
2.177338
2.610142
2.875693
3.471486
3.852718
3.813536
2.066211
3.206507
2.157675
5.420793
3.741378
1.603245
3.803271
4.862418
4.746386
2.91964
3.255124
2.708165
4.228482
3.131623
3.078654
3.4337
2.650849
3.761853
2.348931
4.252184
4.2461
2.101485
5.594837
3.565856
2.493699
3.829898
4.140996
1.620858
2.196125
4.161534
4.064568
3.158923
2.415732
2.600859
4.407881
3.999981
2.254478
3.277297
1.65241
1.948836
2.778541
3.679769
2.839783
3.393928
3.377606
3.857277
3.850079
4.39519
4.022599
3.592057
3.111686
3.947133
3.672814
4.20082
4.42064
3.70607
2.670702
2.054668
1.679667
1.19182
1.403912
4.0516
3.568679
3.665578
3.622834
2.102295
3.224816
3.692719
2.615219
2.69197
2.730527
3.853085
1.576892
3.886861
2.70418
2.39284
2.411506
2.481475
3.928373
2.484698
2.491209
2.885965
2.708128
2.873201
4.342045
5.440669
4.45905
3.785222
4.572227
1.975416
2.33281
3.759079
2.131021
2.270104
2.649147
3.133204
3.523045
2.173158
1.904592
1.474973
2.13142
4.712087
3.513073
3.349984
3.385847
1.237784
1.359881
4.319255
3.192192
2.83772
2.836369
1.221675
2.316839
1.491014
1.004692
1.510052
1.488553
1.313876
1.53581
1.695621
1.64322
1.983327
3.485655
4.531523
2.82647
3.397945
2.417009
2.853886
2.661783
3.755121
2.367754
1.405596
4.245496
4.272438
2.492757
2.628819
1.23869
3.715521
3.67644
2.901651
3.474879
3.541343
1.139491
3.612295
3.991347
3.526528
3.432124
3.181938
2.431756
2.867623
4.466345
2.552421
3.664843
2.841668
3.034469
1.668607
3.189429
3.535302
3.131363
2.82232
4.610688
2.002447
4.307073
2.88149
3.167481
2.856581
2.278502
2.537916
3.612144
2.265334
4.30402
3.7482
2.513027
2.389639
2.476316
2.457482
2.83905
3.499431
3.186139
3.192855
3.504067
2.424674
3.975866
3.157594
3.593377
3.033831
2.371669
4.185406
2.848762
2.510356
3.036863
3.823717
4.484713
2.293319
3.816747
3.337628
3.738598
4.470587
4.802184
3.24879
2.078035
3.75463
3.83622
2.436337
4.009216
2.368618
3.289635
3.267208
3.526408
3.420775
4.058789
3.189094
2.959514
3.218243
4.194064
4.402442
3.004058
2.914887
4.04149
3.138192
3.002444
3.090341
2.441946
3.899038
2.569014
2.589419
2.975604
2.637485
1.263201
1.9864
2.096884
3.079691
1.787265
3.221455
3.570096
2.723667
2.195432
2.415455
4.324385
1.805093
2.452546
5.306486
4.112304
1.457629
1.592591
1.646466
1.699107
1.277988
1.38988
1.41923
1.617857
4.051053
2.179087
3.262395
3.455739
4.277514
3.916313
4.44857
2.702119
2.665995
3.68691
4.423121
3.105887
0.9267995
4.041136
3.08688
2.82393
3.144836
2.240516
2.101279
2.404326
3.760732
3.10175
4.114012
4.107359
3.039149
2.721361
4.013079
3.435883
2.371286
3.88573
2.918924
2.11391
3.79707
2.416994
2.447351
3.788319
1.837719
1.846012
2.139696
2.815915
2.310581
4.890736
2.718923
3.452852
3.794901
2.968334
1.918673
3.290183
5.159972
3.223968
2.42398
4.594409
2.385536
4.157721
3.307821
3.599947
4.100453
3.835332
2.995511
2.245244
1.982879
4.264798
3.819618
4.546133
2.529332
2.12697
2.266371
2.591407
3.164274
4.386293
3.968065
0.7809988
4.437283
4.88761
1.559385
3.615506
4.457796
3.384413
4.890879
1.303414
3.598857
2.070258
2.005063
3.03683
3.512231
1.670733
4.302849
3.343659
3.117871
3.836764
2.467568
4.149955
2.889651
2.827662
2.956221
3.25833
2.786482
2.445302
3.589824
3.184426
2.635096
2.363963
2.339865
2.463713
1.997187
2.595714
1.725286
2.619206
3.994082
2.257407
2.631684
3.078061
2.4043
2.469113
1.774784
1.187021
2.021362
2.210262
2.916446
3.461405
2.698352
2.702492
2.706287
1.903231
1.99133
1.689289
3.185283
2.280331
2.467494
3.969438
2.618376
4.13822
3.705276
3.805978
3.760343
3.789995
2.859716
4.85373
2.971857
2.715482
3.535825
3.517784
2.372605
3.260413
2.005214
2.991635
3.727444
3.220452
2.325375
2.226804
1.909426
2.358763
3.991276
4.184602
2.203265
2.939428
4.658038
4.68025
2.597641
3.002507
4.747378
2.759627
2.863821
2.918675
3.190823
2.526417
3.393756
2.200556
2.511856
4.465368
2.966462
3.821552
5.429513
3.313589
3.661775
3.014898
3.243872
3.143499
2.382255
3.045816
2.94576
2.185674
3.406828
5.122318
3.18206
1.853146
3.299009
2.273771
2.431109
2.71474
2.083526
3.118443
4.037885
2.379134
2.568845
2.951129
3.159528
3.844356
1.957954
2.652956
2.158849
4.317639
3.44526
3.272601
2.50156
4.048166
2.83402
1.427607
2.479897
1.432617
2.324802
3.59356
2.358782
3.086535
2.032661
2.418984
3.629916
2.865855
5.515199
2.601828
3.538749
2.368995
2.632053
2.620661
2.718346
3.718661
3.658998
2.456611
3.029173
3.185288
3.138234
2.674234
3.56577
2.048773
3.08351
2.991262
3.184326
1.724619
1.783821
2.842435
3.12292
2.62873
3.191874
2.122608
1.755191
4.707363
3.834508
2.145666
2.4549
4.365905
3.982767
4.046455
3.271711
2.379975
5.063871
3.867474
4.364321
2.851164
3.975015
3.484994
3.82343
3.384837
3.772747
2.728613
2.554494
3.829748
3.028569
4.386458
4.033828
2.966005
1.722937
2.995255
3.791317
3.766669
2.835064
3.923857
2.332241
3.007929
4.02554
2.318235
3.26878
3.980375
3.914725
2.822576
3.592841
2.550135
1.845564
2.410568
3.481985
2.323118
3.314315
2.625091
3.268155
2.950754
3.539502
3.842948
3.88769
3.648723
3.031918
3.106704
4.846093
1.21509
1.689388
2.227847
2.636321
3.004368
4.778127
3.527144
1.655779
2.583252
1.847132
2.394891
2.232585
2.406052
2.645647
1.17668
4.750872
3.23106
3.520875
3.191317
3.499188
2.8499
3.186029
3.402862
2.302106
2.750298
2.757087
3.730189
3.525856
3.737967
2.532636
3.426829
3.982205
4.970466
3.751602
4.505517
2.210804
3.004974
3.082616
3.091776
4.908632
2.497728
2.309477
2.568827
4.752882
1.944784
3.555309
2.943754
3.355698
2.895929
2.30955
3.13942
3.623779
3.536472
3.258143
4.240086
1.891567
1.955957
1.836098
3.845249
2.923271
5.340101
2.476797
2.270366
2.746583
3.314746
1.902195
4.027654
4.62444
1.317221
3.651678
4.443059
4.13107
2.513483
2.08181
4.403363
3.613486
2.024172
3.428227
4.282169
3.734005
3.639797
4.622038
2.294032
3.192948
4.293577
2.23235
2.908945
2.793408
2.734878
4.028033
3.132385
4.851537
2.985677
3.143955
3.329573
5.45605
3.212584
1.843522
2.555964
3.260717
4.568103
3.29205
2.408799
2.264417
3.841987
4.700187
2.28938
3.080748
1.892093
2.268969
5.198574
1.623162
3.223722
3.733419
2.819583
0.9781307
3.050988
2.158647
2.759103
3.984887
2.704113
2.769912
1.855658
3.32578
2.489491
2.062028
2.744896
3.914231
3.975505
4.356867
2.803427
2.375897
2.504614
3.691713
2.661172
2.807569
2.982146
2.015809
2.913007
3.976637
2.01547
3.968791
3.866115
4.19161
3.368732
2.760583
3.176044
3.782697
2.733788
3.645701
2.080825
2.714336
3.306923
3.193484
2.815249
3.058559
2.872112
2.803608
2.616684
3.56492
5.261051
4.215676
4.352419
4.824744
4.545578
1.681823
5.581905
2.638204
3.698354
2.033263
2.5487
3.581063
1.97093
3.112414
2.410144
2.281523
3.456412
3.539675
3.778783
2.32648
1.511202
3.216814
2.72055
3.807257
2.240553
3.381641
3.822039
3.6151
3.677561
2.714567
1.004376
3.571002
3.679512
3.815597
2.359202
2.234992
3.895051
3.501743
4.297697
4.479161
2.305026
4.780389
3.843676
3.057322
2.64321
2.965199
3.090675
2.816323
1.326281
3.570248
1.978615
3.767928
4.440665
4.779768
3.317882
2.920559
3.944785
2.67824
2.942012
2.44704
2.991221
1.38476
2.8344
3.674563
4.199674
2.98095
4.048321
1.843915
2.581444
2.310952
2.495051
2.889004
3.190556
3.933407
3.015278
2.745383
2.102522
3.092005
2.844042
3.682908
3.837112
4.510331
2.676311
4.982235
2.95953
3.216978
2.522659
2.864404
1.699021
3.998789
2.887007
4.281216
3.955631
4.483345
4.646298
3.023434
3.050196
3.021977
4.392598
2.757684
4.101138
3.227752
3.170104
4.424369
2.842065
1.679363
3.356931
4.422713
0.942692
3.587193
2.644511
2.422022
2.815112
2.650322
3.499091
3.615455
2.471831
2.411655
4.568643
3.393436
3.224309
2.49392
2.725305
3.058182
3.34707
0.5857689
3.640346
3.847153
3.034001
3.251043
2.315741
3.21151
2.706833
1.79364
4.112487
2.392284
0.8314827
2.875501
2.564075
3.245933
2.124
3.209746
4.49182
1.035509
5.814843
3.339687
3.056578
2.866925
2.701559
3.383226
3.575122
3.644592
4.051268
3.104601
3.854348
3.836694
3.243406
2.669838
4.315304
3.929789
3.259043
4.673479
3.807853
4.543701
3.693395
4.635427
5.804582
3.734768
1.15276
3.473612
3.774847
2.877763
4.322398
3.887873
2.608343
4.189344
2.974939
2.207385
2.111113
3.313744
2.071337
3.551841
3.61657
3.219933
4.068014
2.370688
2.895369
2.026028
2.528641
2.576201
3.166701
0.927381
3.645279
3.372604
1.893501
2.532687
3.289457
2.144634
2.977489
2.339018
2.34445
2.827676
2.826927
2.306522
3.300563
3.67731
4.422736
5.154724
3.02119
2.453141
2.492765
3.670017
3.128909
1.879729
2.794325
2.051851
4.285964
3.900178
3.530649
2.754122
3.810952
3.260879
3.652431
2.279405
3.413495
2.711388
2.63023
3.244106
2.763489
3.905464
3.41998
2.464337
2.222171
2.187327
3.792476
2.410512
3.391332
2.149968
1.30812
3.802054
1.324688
2.618415
2.349893
2.583201
2.335195
2.748504
2.973642
3.230698
2.980883
2.950784
2.47082
2.473723
5.441489
3.39313
2.363177
2.119319
2.832649
3.444759
2.02311
3.596716
3.095184
2.811476
2.757698
2.922964
2.091418
2.565267
3.237542
3.143444
3.165156
3.798551
2.726173
3.862906
1.212238
4.338175
4.545657
3.166021
3.610335
1.374903
3.572359
2.861218
2.301809
3.655392
2.658402
2.113339
2.752436
2.057701
5.033217
3.228239
3.546533
3.96984
2.274301
2.202182
2.700523
4.458653
2.423263
2.504149
0.4618131
1.112855
3.280367
4.578085
3.383165
2.882958
2.745731
2.549075
3.302773
1.555557
1.921335
2.213277
2.274761
1.900487
4.663141
1.749489
1.618393
2.493571
4.158559
3.991986
2.498911
2.344902
3.000072
5.129732
5.035963
5.16057
2.55972
3.238958
3.240055
3.797331
3.977771
2.790366
3.475152
3.230657
4.905763
4.47491
3.310133
2.166696
3.186317
4.678097
4.281076
4.507826
3.232045
4.064279
3.147598
1.59083
5.447857
5.474531
2.374159
1.699868
1.733913
1.023496
3.78509
2.750968
2.664759
2.622877
2.286301
1.655297
3.938204
3.687599
2.623937
2.211409
1.895731
3.901642
2.072449
2.064999
3.558524
3.502328
2.767475
1.748232
4.488723
4.552561
4.068283
1.316276
3.649607
2.735019
2.476338
2.266474
3.248541
2.702241
3.337685
2.97401
4.493548
2.508416
2.712596
2.681544
3.762246
4.729551
2.152104
1.631489
1.919706
2.744926
2.423265
3.129417
1.872192
2.610687
3.802008
2.687415
1.932209
2.718851
3.444981
3.542371
3.090683
2.730837
2.752926
4.776599
4.174302
2.359679
3.469457
3.918942
4.01562
3.458599
0.2818648
4.781959
3.52342
1.075679
3.957873
3.12768
1.6268
2.437383
2.911162
2.678047
4.184004
2.017002
2.701687
2.574736
2.89004
4.094496
2.78271
2.39774
2.85402
2.706639
3.085726
4.036486
1.707755
3.623488
2.828462
2.009598
3.602195
2.583061
2.704064
2.235602
2.491037
3.10262
3.029465
3.054832
3.753643
3.871624
3.277481
3.806859
4.619068
1.706106
1.354625
1.348386
1.336541
0.9274742
3.341303
1.179144
3.305316
2.691604
1.66988
6.410451
4.666752
3.41695
2.755813
2.021673
2.239047
3.016762
1.859948
4.568373
2.757705
4.609373
1.553162
3.436443
2.140035
2.262273
3.490493
2.241511
2.974491
3.688502
1.564551
2.211724
2.087237
2.928501
2.329869
2.932209
2.687514
2.569706
1.432209
4.508979
2.926438
2.545483
3.382046
3.41614
1.22455
3.660084
1.292172
5.468361
2.710581
1.50606
2.514665
2.064674
3.366751
2.701724
2.237447
2.590765
4.101609
3.371135
4.021581
4.150796
5.050691
2.469659
4.328387
2.571612
2.900084
3.828924
2.545574
2.233215
1.722216
1.888415
2.530659
2.167803
2.623508
3.535232
4.546716
1.952774
2.778335
2.302016
3.63167
2.822761
3.427297
2.576338
2.34432
3.62125
2.348765
2.226498
1.924408
1.815266
3.963264
2.987351
3.987703
2.265648
2.396714
3.075688
3.254018
2.07063
1.587326
1.682826
3.362354
1.59025
1.321018
5.005684
3.080679
4.31296
3.21944
0.8338393
4.08127
3.575228
2.50161
2.202649
4.153299
2.300878
2.141538
2.242376
3.325971
2.522776
2.811979
4.24368
2.343456
3.093441
1.176783
1.438125
1.684364
2.945773
2.984291
2.940541
3.553116
3.100883
3.807247
1.503395
2.79109
2.971821
2.522996
2.511829
1.616703
4.420395
2.623404
3.751645
3.033113
2.208058
2.205149
3.940892
3.970749
2.723187
3.994474
2.218129
1.402059
2.575447
3.059275
3.209357
4.036312
1.58537
4.676267
4.454559
1.060378
4.125601
1.947371
4.215393
1.780082
2.538449
2.427463
2.474492
3.981925
2.565818
4.20544
1.281134
2.600675
0.778445
1.905594
2.900475
2.258993
3.773459
3.731939
1.74882
1.240973
1.389553
4.669024
2.655668
3.83323
4.527576
2.008156
1.070403
3.385685
1.596225
2.686393
2.450996
3.537577
3.928527
3.261317
3.056506
4.579369
3.227525
2.161196
2.145946
2.033341
3.314766
2.136503
2.612783
3.789811
4.239777
3.082707
2.021739
3.34256
3.413622
2.731318
2.813932
2.80999
2.474169
2.708268
3.948847
6.516459
2.575196
2.154692
3.938916
1.9153
1.962536
4.03765
4.245992
2.410217
2.471938
4.09316
2.793452
1.523244
2.683897
2.469334
1.683063
2.882443
4.03804
3.262283
4.399385
4.436106
2.705701
2.930346
1.81086
2.316615
2.261929
1.738751
3.937002
3.800497
1.326025
2.804217
1.556154
1.193026
3.267924
3.487908
3.207866
2.110484
3.006071
4.603623
3.397096
2.477764
4.215908
3.340661
3.562592
2.244246
2.66597
2.922115
1.410495
1.309637
2.940379
1.942959
2.792168
3.21154
2.36825
3.835787
2.217848
2.495595
2.193802
2.003698
3.330775
3.067606
5.455053
2.160704
2.701075
4.154573
2.471983
2.007906
2.592779
2.674926
5.085816
1.729038
2.673002
4.409921
1.866436
2.422506
1.554761
3.641721
1.38035
3.981087
1.320934
3.80921
2.789101
2.807218
3.96625
4.724179
2.20518
3.399628
1.944765
5.245205
3.092083
4.825511
2.215491
2.383042
2.643576
3.908398
2.956348
3.189499
2.432787
2.442037
4.47255
2.97509
3.610968
3.373199
3.85507
3.939704
2.039469
3.892207
1.229422
1.921172
2.308772
2.779651
0.5788389
0.8687571
1.140047
2.207345
4.23956
1.641822
5.296689
4.110513
2.021934
3.746916
3.754821
1.942455
2.299229
4.918241
1.811366
4.439962
2.512073
4.984179
2.633824
2.143985
3.834824
2.646003
2.293857
2.283151
2.722832
2.675654
1.288774
2.606598
4.322467
3.6369
3.748272
4.610541
2.301347
4.166091
5.204705
2.251314
2.136714
3.706052
5.092618
3.251427
4.13907
2.558264
1.117847
0.8573506
1.980296
1.449375
2.785674
2.476518
1.789241
0.6920073
1.341891
2.202605
2.137848
1.30356
1.594789
5.473994
3.632173
2.215045
2.62358
2.717182
1.930211
1.896293
2.516615
1.976434
3.43296
1.519238
1.836812
1.399602
3.348057
2.234432
1.66586
2.259898
2.935225
4.274608
2.506327
2.140632
4.10316
2.968644
2.957247
3.021035
3.155554
2.344209
3.700275
1.82833
3.028705
3.953495
2.299842
2.518424
2.265865
2.702005
1.401752
3.476141
1.943835
3.853938
2.908922
1.531855
0.7405863
0.914812
1.638227
4.152378
3.528484
1.28777
2.226823
4.5102
2.255637
1.915623
3.593557
1.760721
3.749685
3.055871
2.714265
2.497808
4.663923
5.215139
1.137429
3.380998
3.07136
2.305242
3.627266
3.08443
3.704626
2.152633
3.799326
2.294455
2.889781
3.075069
2.488434
4.060418
2.256795
3.806829
4.430876
4.218428
1.394399
1.202227
2.669345
1.313026
4.300106
0.8522951
1.55513
4.461157
4.160918
4.551626
1.124648
2.333053
2.854376
4.090212
1.402142
1.929524
3.509655
2.871009
3.203183
3.560166
3.092996
2.93172
3.380679
3.504115
4.272092
2.277
2.295981
2.400837
3.128626
4.22948
2.142473
2.874578
2.45877
1.741215
3.334323
1.938214
2.981323
2.996318
2.479855
3.284553
2.773238
1.606287
3.298259
2.492903
2.219673
1.118263
2.346868
1.251856
4.265842
1.080764
3.048154
1.214866
0.8591524
2.933888
1.32643
1.694491
0.3574909
2.724397
4.724407
1.344749
1.620778
4.086172
1.394432
2.079418
2.32601
3.212078
1.824511
2.480011
3.986497
2.438624
4.495363
1.814562
4.473152
1.488251
1.194592
4.142172
1.298018
1.493318
2.223576
2.411429
2.693792
2.034144
2.954654
2.704266
5.016724
2.40974
3.062502
2.053777
2.809898
3.775149
2.689191
2.176976
2.647158
6.243901
0.9309649
3.221981
3.520262
4.270772
1.465992
2.845242
3.055373
3.496227
1.325121
2.977496
4.01185
2.402606
2.441444
3.198168
4.165286
3.652481
1.928656
1.795241
2.292439
3.228594
4.447573
2.530139
4.34856
4.06474
1.893865
4.415266
3.815881
5.638118
3.477563
3.653411
3.363308
2.451066
3.286555
2.832791
2.354114
2.562974
2.631266
2.956035
2.74148
3.511158
2.589723
2.003737
5.004562
3.06415
3.955639
2.170848
3.956739
4.70697
1.882388
3.236998
1.767049
3.811473
3.86008
1.553744
0.9338583
2.059976
2.064633
2.638859
1.800054
1.474334
4.051857
3.408476
3.19192
2.44381
2.459071
3.584606
3.847678
4.025218
4.284864
2.150728
0.9243533
1.901647
2.41138
3.517588
3.614686
2.748574
2.553215
2.859103
3.187381
1.639664
2.238217
1.647658
2.311696
4.083856
2.745001
2.7186
2.07472
2.12948
1.259735
1.312341
3.894267
1.260006
1.31116
4.820613
3.87315
0.4590097
1.55449
3.505183
4.357429
2.786088
2.772664
2.417015
1.935401
1.66748
2.57913
3.437589
3.376876
3.096599
3.045816
3.339043
2.328614
2.557499
2.373446
3.036771
3.088849
3.051925
2.423875
2.1685
3.01466
2.87161
3.448019
1.355145
3.798831
2.410021
3.380273
3.298421
2.645535
3.832206
3.036729
3.537501
3.738437
2.879196
2.627903
2.796001
2.226392
3.573869
1.938992
2.388514
2.134721
4.168897
3.770818
4.369186
1.405712
2.041762
3.297907
2.753216
1.201824
1.515963
1.224162
3.212643
4.001189
1.114071
2.517541
2.075701
4.266853
1.390207
2.307215
1.579029
3.49259
1.911201
2.013905
3.352648
4.102291
3.863424
2.404645
2.95833
2.290569
2.97756
3.584647
2.178134
2.158862
4.632266
5.456545
3.104108
2.516613
2.786657
1.782929
3.227195
2.407128
3.301077
2.383959
2.643178
1.825776
1.949196
2.631917
1.812026
2.241464
2.340027
3.913008
2.835119
4.033022
2.977314
2.822761
2.279636
1.929582
1.792059
3.700869
3.649089
3.892301
3.420043
1.561915
1.167093
0.9343466
1.019329
4.354835
0.9013199
2.142443
2.214789
2.905144
2.389711
1.8248
5.329059
2.113696
3.411404
2.133394
2.123568
1.784083
2.745445
2.910193
3.322261
3.247118
2.196559
2.914426
4.82101
3.874982
1.869151
0.9286438
3.308649
1.529264
3.729615
1.745457
2.336323
2.327163
1.534928
1.434516
2.184709
1.205208
2.05298
2.072737
2.38187
1.507169
2.262801
3.091098
3.360109
3.861741
2.892506
1.854358
3.244781
2.066625
2.019057
2.166876
3.824881
2.633563
1.86745
2.554087
3.607157
3.415691
2.426436
4.145988
1.2241
3.140423
2.668723
2.41542
3.920339
2.221662
3.601325
2.071944
2.707822
2.076815
1.708472
1.967475
1.957681
2.656755
1.992414
1.846019
2.731558
1.888796
1.596017
3.204254
2.748685
1.483055
1.892867
4.513839
4.603759
2.80879
4.272882
2.279746
2.859891
1.249324
1.551937
1.755811
2.825494
2.289604
2.844539
2.511647
1.411785
2.378017
1.774467
3.856519
5.572749
2.163494
1.86555
3.271474
4.459417
2.439709
2.416001
1.909312
1.969806
2.198596
2.088818
3.791251
2.061343
2.734909
1.860352
2.137682
2.531494
3.42944
2.571772
3.101314
4.278571
1.671506
3.265727
1.753187
2.033193
1.932873
2.904277
2.904108
1.937234
1.932036
1.8272
3.717002
5.438347
1.991643
4.201364
2.802517
2.836187
3.150162
2.69078
2.503654
4.650299
0.6796495
1.791329
1.024297
3.861214
2.082359
4.088499
0.09315478
1.905313
1.927523
-0.1354329
-0.16405
1.947959
-0.2646528
1.554842
-0.2965575
1.449521
-0.9624121
0.1528299
0.04159856
1.003072
-1.245446
-0.4596478
1.707013
3.853022
3.197025
0.5174697
4.953855
0.4305341
0.4084824
2.11238
4.078039
2.989661
2.033051
3.131874
4.272806
3.441813
3.27609
1.395051
3.098686
3.102936
2.180574
2.644866
1.197495
2.603272
2.766865
5.772302
2.324282
2.696733
1.817505
2.414547
2.929739
3.697553
2.492562
3.185461
1.948697
1.993482
2.578113
1.788935
2.109584
2.533638
2.301082
2.086882
2.737898
4.522083
1.590403
1.335599
1.858233
1.61478
4.520011
1.248043
1.83705
3.16329
3.573408
1.56711
3.011029
2.721881
2.975703
1.029241
2.272437
2.439072
1.818798
1.848593
3.329676
2.818841
1.771041
3.25862
3.276896
2.187163
1.778543
3.313762
2.359637
1.893629
1.772522
4.578926
1.692461
0.5923452
-0.1998225
0.4592027
2.224364
0.3507036
0.6731538
0.8149495
0.6107529
0.7027169
0.6017742
0.4161728
0.5142615
1.065644
3.462489
2.072417
1.617271
1.544538
2.875899
2.875975
3.274996
2.329441
2.42223
3.288441
3.14351
2.410802
2.965698
2.079614
2.825821
2.960397
3.217186
2.542258
0.8465327
2.73299
2.93626
2.397351
2.646961
-0.2366945
2.474415
3.698606
3.200304
2.528896
-0.694137
-0.153766
1.721279
0.6485679
0.9587076
1.810043
0.9579121
1.000193
-0.3309681
0.5623484
3.030713
4.282273
3.905063
0.6767424
0.9612616
2.733434
2.204438
5.158112
3.579382
3.245112
2.69347
3.6271
2.086906
4.412952
2.479052
1.770887
2.104694
3.484641
4.716399
5.388946
0.7841687
1.62258
3.269152
4.121573
4.718881
2.11398
4.762398
1.304583
3.782063
2.813539
2.866306
2.055673
1.921207
2.092275
5.089595
3.713261
3.160511
2.242246
