-0.1412549
-0.3510396
0.1574894
-0.9894803
0.08368776
1.146245
2.048506
1.534877
-0.02699672
-0.2619495
-0.5550113
-0.6269964
-1.419931
-0.3291603
-0.4858984
-0.03949469
-1.557197
-1.698713
1.801733
0.7643463
0.2064748
-0.4331402
-1.33024
-0.08386489
-0.166058
0.1733813
-0.02244581
0.1647239
0.4794579
0.5758732
0.3612003
1.307678
-0.3128555
-0.9100959
0.175028
0.4212202
0.6273953
0.08933611
0.5673752
0.2341672
-0.7562984
-0.394371
-0.1417073
-1.342425
-0.4653147
-0.6787763
-1.116655
-0.2214974
-1.289692
0.6793707
2.16874
1.053312
-1.058095
-1.488898
0.1190721
-1.619404
-1.012874
0.5012815
0.3051907
-0.0414472
0.4311115
0.4702184
0.6663116
0.6499562
1.093473
0.3700458
1.304587
1.224037
-1.433629
0.1937504
-0.0498507
0.4002577
0.3524279
-0.04150462
0.1249028
-0.5411086
-0.8651011
0.0364051
0.4565094
0.5727236
0.8492393
-1.52783
-1.468134
-1.44309
1.687829
0.575885
1.428296
0.9428115
0.9536773
-0.4712029
-1.485356
-1.792463
-1.016602
-0.6711048
-0.9877251
-1.421122
-1.207034
-2.05835
1.054068
-1.193362
-1.404924
1.273519
-0.189932
-0.1446945
-0.8828703
-0.6114632
-0.8960032
-0.4039391
0.4114651
-2.745498
-0.1178054
-0.06217611
-0.5168791
1.089416
0.3173327
-1.131553
-0.1269283
0.8839655
-0.90412
-1.639095
-0.1987272
-0.8614729
0.8100482
-1.683343
0.4841395
-0.8927638
-1.018258
2.066383
2.024587
0.2482731
-1.896004
1.069262
0.9577484
-0.2188543
-1.067849
-1.015117
-1.230564
-2.948666
-1.205072
-0.7769831
0.5057164
-0.7022739
-0.4627914
0.1707706
-1.168978
0.4620731
-0.5699535
-0.7282922
-1.247642
-0.7215415
-0.1991259
-1.799446
-1.016463
-1.257695
0.771774
1.604588
-0.6396839
-1.608014
-0.7277251
-1.666307
-1.32079
-1.543385
-2.432082
-0.8378297
-0.303759
-0.4003441
-1.237913
-0.2657917
-0.6578052
-1.269018
0.5305863
0.07325049
-0.5098245
0.9008447
1.480457
2.699104
1.880301
0.2619711
-1.578466
-1.498662
-1.323082
-1.12452
-1.879398
-1.555298
-1.954393
0.04179526
-0.2228465
-0.5054635
1.028952
0.6681923
0.5375315
0.5218891
-2.398602
-2.473733
-1.947599
-0.7739496
-1.171436
-1.0492
-1.163326
-0.3918938
-1.65852
0.3404063
-0.3643095
-0.7742639
-0.9379438
-0.7888651
-2.007799
-1.405003
1.017333
-2.116078
-1.861494
0.7634904
1.087818
1.491268
0.5439009
0.6109181
1.328773
1.421706
-0.2276059
-0.3794177
-0.5081938
-0.9555266
-1.054105
0.6175669
0.9549671
0.8558245
0.8494649
0.8894303
1.245479
1.103061
0.8440541
1.049377
-1.311281
0.2380432
0.2868504
-0.01854506
0.1701129
-2.630107
-3.027869
-1.621991
-2.717217
-2.594288
-0.09552311
0.3896819
-1.663006
-2.697669
1.583898
-0.1097914
-0.4073686
0.0102062
0.8782968
-0.0653261
-3.733446
1.160355
-0.06014197
1.051588
0.3246595
1.651625
1.794656
0.1815566
0.1592293
0.3949969
-0.8652047
1.198537
0.5444197
1.595851
1.121254
1.125452
0.9513719
1.306952
-1.440805
-0.6714774
-0.6215951
2.332692
0.2915559
0.4149658
0.68181
-1.338001
0.8356856
1.249835
1.337469
0.02825663
-0.0307735
-0.1438747
0.001412114
0.2345557
1.34593
-1.175509
-1.846218
0.4710293
-2.508591
1.485481
1.741822
1.088704
0.3740145
-0.1809447
1.197372
1.088511
-1.299309
-0.05230059
0.5878159
0.8474859
1.247398
0.5974662
-0.5025649
0.03809554
1.649395
1.486625
0.09656677
1.602458
1.144114
0.2365543
-2.676878
1.472109
-2.366072
1.101616
0.005759505
0.6144475
-0.1614552
1.136091
-3.013568
-3.011049
-1.884772
1.424258
-1.872452
-2.668541
1.086644
1.058389
-0.3443027
-1.468583
1.692375
-1.271213
1.111451
1.313589
1.125915
-0.01886298
-0.186459
-1.266477
-0.4205198
0.9775479
-0.5642596
1.05102
-0.5125774
0.6427539
1.16978
-0.672022
2.050987
0.6932276
-0.1450031
-0.3769714
0.3151379
1.092832
1.152372
-0.01840188
-0.0749164
0.3823414
1.329989
-3.286901
0.8910446
1.854539
1.055711
0.8929425
0.5205012
1.550831
1.261106
1.086912
0.5679448
0.8647635
0.9786307
0.6410711
-1.422211
1.271108
-0.6080997
2.065324
0.5141858
0.6756722
1.291656
0.6213633
0.06208424
-2.422372
1.138791
1.150556
0.6225417
0.2120207
0.616256
1.817677
1.336072
-0.3687099
0.5408503
-0.6741463
0.3910991
1.697168
1.03094
-0.3086488
-0.09609739
-1.381423
1.13486
1.244477
1.209019
1.333096
1.484047
1.164046
1.39418
0.8489447
1.162614
1.24322
0.9506279
-0.2331105
-0.1250685
0.07621609
-1.051077
0.4612042
1.833035
0.1853692
-1.153558
-0.6162326
0.9684179
-0.3477428
-0.4397169
-0.2338979
-0.7763083
-0.07497744
-0.3759532
-1.384528
0.7696945
1.171239
1.28288
1.316393
1.453008
1.846968
1.486705
1.43425
1.807969
1.990248
0.2184459
-1.23772
-0.7904983
1.403702
0.08007288
-0.762879
0.3796177
2.237091
1.919564
1.0776
1.149137
0.08746625
-0.03316584
-0.357147
-1.484779
0.5643963
0.1188736
0.312812
-2.573419
-3.270028
-1.924486
-2.458274
1.493843
-1.850992
2.017748
0.357016
-0.3483607
-0.3203428
1.203429
0.4044388
1.731548
1.718011
-0.2011754
-1.126629
0.248917
1.704768
0.4084481
1.990683
-0.4387967
-0.9478798
1.789597
2.058687
0.4151429
1.360791
0.569313
1.592725
1.350079
-0.152356
-0.4794683
-0.4957582
0.4374999
0.06706222
-0.0007352892
0.05009268
2.346091
0.136857
-2.99042
0.621861
0.06515437
-1.511317
1.3614
1.954697
-0.06574739
1.343379
1.306168
-0.5752915
1.218416
-0.8508396
0.2148314
0.02715306
1.668598
1.308509
0.9773437
-0.936419
1.631291
-0.02879767
2.224066
0.6702302
-0.005019347
0.2211156
-1.083729
-1.467543
0.4047079
1.431013
1.659086
2.199343
2.481141
2.329034
1.905409
1.741677
-0.1514918
-0.05035447
0.04545898
0.3270906
0.09597987
1.633422
0.9984591
1.686893
-0.262365
1.366773
0.8529736
1.492965
-0.08797183
-0.3639434
-0.002380298
-2.546033
0.7072006
0.4715821
0.2689956
-0.3172317
0.0531152
-0.536003
-0.7842573
0.5288794
-1.005172
-0.2223238
-0.4790863
1.704048
1.154116
-0.3828795
2.076171
1.162254
1.042945
0.4116767
0.4971822
1.332097
1.790121
1.733486
0.7294539
0.7742579
1.491006
-0.01402499
-1.153964
0.5835856
1.144567
1.440016
1.773808
0.2045974
-0.4934851
0.5746658
0.1077172
2.15483
1.445693
1.014725
1.719384
1.133493
0.8447264
0.5741669
0.495248
-0.1935099
0.3777981
1.560831
-0.5267802
-0.2330446
-0.5883957
-0.2193261
-0.05684094
0.07407657
-0.4736365
-0.2636717
-2.138301
-0.6402456
-0.2609053
-0.3000712
-0.4514172
-0.5433019
-0.2494006
-1.682656
-1.096608
-0.8489396
-0.471462
-0.41701
0.3252586
-2.49747
-3.886909
-1.50324
-0.2370126
0.839077
0.5403604
-1.295381
0.02966126
0.2809039
0.04619347
-0.2212427
-0.2125273
-0.4064819
-0.993815
-0.7558101
-0.98542
0.2207571
1.493377
2.104252
0.7519377
2.181285
-3.477846
2.555467
2.092168
1.254218
-0.7493368
-1.059322
0.7875409
0.2633717
0.8824355
-0.9342406
-1.263494
1.337069
2.439065
1.305725
1.582031
0.9937971
-0.8966486
1.811611
2.262963
2.002101
1.850756
0.2820003
1.373834
1.399261
1.816858
-1.143522
-1.135264
1.488049
1.977695
0.2641139
0.9386664
1.049062
0.3972224
1.28505
-0.07854167
0.2923147
0.08601773
-1.131864
-0.1165479
-0.944611
0.2274615
0.4717964
0.4646759
-0.02301659
1.489815
1.77618
-0.7777172
0.1552656
0.03828704
-0.06976074
-2.386929
1.892885
1.694855
-3.561254
0.5048955
-0.2029479
0.1877462
-1.211176
-0.2724149
0.09533621
0.4917919
0.3209217
-1.01619
-0.160338
-0.1121696
-0.4212638
-0.2459594
-0.9453511
-0.3262983
0.1348996
1.235743
-0.7186369
0.5146801
1.894508
0.4574767
0.6604333
1.423488
0.5775425
1.07519
0.9235006
0.6525689
0.5807118
-2.643219
1.76872
-0.3795899
-0.4636188
-0.2199899
0.02782101
1.154519
0.327359
0.1134248
-0.5897682
0.4306066
0.2747947
-1.072231
-0.5352412
-0.2946626
-1.471959
-1.494274
-2.869535
1.608443
0.8988258
0.898641
0.9217727
0.1440608
0.1004934
0.6106871
0.353537
0.6807338
0.1414615
-0.1308198
0.8054666
0.5139174
0.002615207
-1.268884
0.7281945
0.3004456
0.2938172
-0.005400321
-0.7732813
-1.784429
-0.6729541
-0.2644344
0.4137825
1.806591
0.04472677
1.781357
-0.380904
-0.6557807
-0.3502456
0.7402406
1.046759
-2.643416
1.526357
0.4836965
2.282617
0.461298
1.223995
1.35546
0.7941789
1.24346
-0.9690448
1.641037
1.285514
-0.4547722
1.152174
2.100099
0.7533904
1.311539
1.733092
2.170152
1.724992
0.338198
1.566336
-0.5797272
-0.7198241
-1.424245
1.838669
0.05972941
-0.04655486
-0.2152087
-0.1597785
-0.07181882
-0.8639162
-0.0242096
1.077675
2.855493
-0.8700352
-0.4665897
-0.8945235
0.1521582
0.8713661
2.538975
-1.449151
0.9185031
-0.2762962
-0.3352354
0.7304447
-0.0632594
-0.4615584
-0.4098884
-0.3608294
1.841128
1.819783
2.06149
1.466294
0.3277761
1.645475
1.511444
-0.6266641
-0.6193144
1.871573
1.0678
1.043477
2.003092
-1.469844
1.421033
2.500375
-0.02734068
-0.1021955
-0.05305164
-0.3887008
-0.4949453
1.926793
1.856405
-0.2541464
0.332275
0.9437197
0.9121714
2.057047
1.127101
2.616989
2.407104
-0.4988545
-0.2697735
1.076873
2.455994
1.773067
1.281692
1.977982
1.462867
1.569073
1.150569
-0.0941547
0.5355317
1.955577
1.346231
0.3629875
0.3414882
1.320821
1.432046
-0.2715694
2.091015
1.824468
1.236723
0.5920772
0.2882372
-0.07140204
-0.2448733
1.11078
1.336673
0.700684
1.739985
1.407966
2.472371
0.7471023
-0.4248746
3.080631
1.538876
0.5298018
-2.125939
0.790581
2.424787
-1.038008
-0.01795498
-0.09702043
-0.8405412
2.191007
-0.5001513
2.11121
1.6328
-0.3626432
0.6905727
-1.318224
0.7827287
1.615804
0.3607358
0.03744076
0.2281975
1.453609
0.5859447
1.940769
2.172317
-0.01302812
0.2860848
1.192279
-3.088854
-2.403441
-2.690723
-2.036862
-2.825691
-2.942442
0.1236978
1.635444
1.25638
1.370277
0.9516563
1.612997
1.708135
0.5947856
1.1675
1.007347
1.815846
1.227681
1.735708
0.7869565
2.011926
0.07141842
1.459126
-0.127303
1.780482
1.231819
-0.2039846
-0.07119337
-0.8239952
-1.002117
0.6090153
1.461085
1.482667
0.9741664
-0.433277
0.4627191
0.4734064
-0.3858767
0.3872212
0.6110101
1.28584
1.444178
2.018048
1.371445
1.490473
2.012018
1.789823
0.05614485
-0.4302694
-0.3505466
0.5894484
1.643718
1.282789
1.571076
0.3758028
1.13882
0.7726762
0.9718216
1.442205
-1.889229
1.797547
0.02396597
0.1846188
-1.142262
0.8563787
1.094917
-0.7861851
-0.2997094
-1.41133
-1.323806
-1.342351
0.6467221
-0.1249435
2.240798
0.6644606
2.365083
1.13552
0.2573836
0.544909
-0.5840087
1.117081
1.177419
-0.3434488
1.88446
2.046015
0.1222324
1.594583
1.37321
0.3438714
1.439091
0.4217413
-0.2572641
-0.462012
-0.2433943
2.294496
0.3877446
0.8680441
0.7700124
-0.2864234
-0.5832495
-1.37726
0.7496507
1.454417
0.6665633
0.7530354
2.501414
0.5718733
2.70568
-0.7529494
-1.034513
0.5914024
2.267672
1.773081
1.923651
0.6759566
-0.1160379
1.733798
2.267293
-0.1495477
-0.09424748
2.086061
-0.1284757
1.213842
-0.2984877
1.001209
0.8868837
1.239657
1.800959
1.132377
0.2838812
0.1649703
2.24181
1.718803
-0.00761918
-1.022817
0.5143236
1.711931
0.5520587
2.181865
1.292587
0.6814769
1.511082
0.550731
-0.9964059
0.4201168
0.6494386
0.8099719
0.7795548
1.659436
2.483427
1.930759
-3.100278
0.4513523
-1.103928
0.3230764
-0.3032175
-0.1846579
0.3154842
2.570015
1.536191
1.826327
1.458311
1.387157
-0.2364391
-0.4517175
-0.310864
1.195679
1.948935
1.728583
1.932216
0.2905646
0.565641
0.1829937
0.1649735
0.4738597
0.8137552
1.451832
0.02364555
2.444505
1.335587
0.3730728
1.112157
0.8217438
1.765006
1.858231
-1.242299
2.282933
1.724221
1.86526
1.307144
2.419948
0.760465
1.654476
1.008301
2.238757
-0.2372061
-0.4629395
-0.8101446
1.215045
-0.07372813
0.5921772
1.288494
1.567368
1.137007
1.471
1.593343
-0.1749173
-0.3544238
-0.003415093
2.192428
2.363834
-0.5941916
-0.4304661
-0.49898
-2.905587
-2.77814
-0.329227
0.3354934
-0.2938902
1.925973
1.651156
2.351964
1.937783
1.527247
2.3463
2.371701
2.110571
2.399005
1.927495
2.149818
1.401249
2.559125
2.477999
0.5607166
0.2045575
0.8847127
1.874428
2.66833
1.413706
1.734721
1.982426
1.783414
1.650806
1.558918
1.800486
1.595465
1.82477
1.710895
1.114994
-0.3877938
-0.2625294
1.217115
1.048217
1.936787
2.799077
-2.347128
-2.080639
-2.075469
-2.406631
-1.995417
-1.996751
-2.084532
-2.825111
0.2734967
-2.191546
-0.5421438
0.9840885
0.9561787
0.7310246
2.500656
1.509623
2.025909
2.031269
1.539877
1.959676
0.1228058
-0.5543945
0.1432684
0.4689481
0.3440201
-0.290347
-0.1282488
0.949763
2.641902
1.944469
1.330136
-0.1689234
0.3750239
0.183008
1.345218
-0.350962
0.6410524
-0.6349278
-2.239636
1.501038
1.228916
0.01777539
2.270847
2.075035
2.510016
1.56333
1.754749
1.740419
1.466619
2.653193
2.105172
1.861689
-0.1518252
2.200506
2.545954
2.222374
2.007468
1.934289
2.068047
0.9967596
0.3167318
0.5981127
1.266137
2.06286
1.796314
1.847885
2.259247
0.573278
-0.1506505
1.215265
0.3113563
0.6827502
1.958365
2.220401
1.747945
0.9258062
0.5791777
0.3431406
0.06805118
1.550877
-1.664868
0.7041029
0.1360933
0.8115491
0.7726193
-0.04664829
1.308096
2.429991
1.74051
0.1938317
0.8323153
-0.2172626
0.07744009
1.172609
1.082456
1.695315
1.354616
0.6817032
0.5460426
0.6660942
-0.3752869
-0.7563487
-0.8976276
1.960506
1.781869
0.7312515
2.33134
-0.03549358
1.419361
1.433313
2.574369
1.348896
1.722832
1.386959
2.607725
1.75836
-0.4833303
1.59355
0.3228162
-0.631216
0.03523546
-0.1140119
1.116587
1.906423
1.04222
1.76683
1.79436
2.004804
1.290642
1.923043
2.321913
1.74503
0.8523456
1.352252
1.725938
1.908181
2.379722
2.422901
2.023986
1.316574
1.722829
1.377387
1.555003
2.046925
1.244107
2.025883
0.3306867
0.4121927
0.9120778
-0.3452266
0.5087394
0.5422545
1.164016
2.563783
2.317479
1.626358
2.142743
2.109663
1.803082
0.4287196
-0.5664077
0.9373366
1.285395
1.498946
0.83062
1.985606
0.5467242
0.6179457
0.1084028
0.4849659
1.452338
0.5743731
1.046733
-0.1304836
-0.3995641
0.7561399
-0.2621831
0.828491
-0.8980952
1.802435
0.5301664
1.355181
0.5791346
0.8671048
-1.078415
-0.5060898
1.540325
0.613912
1.875494
0.9637465
0.9689905
0.7787765
0.4246236
2.081907
2.648034
0.5358747
0.8384177
1.059233
1.065192
0.3061563
0.5163095
1.891096
2.055294
1.643312
1.623644
0.8438292
-2.080285
-1.002332
-1.282393
0.9182939
2.108193
0.9297797
1.136805
1.461921
1.72877
2.443032
1.948599
1.502731
1.555604
1.83966
1.184897
1.361177
0.9561675
2.56723
1.999704
2.321717
3.228465
2.044799
1.920705
1.099443
-0.9217042
1.712221
2.415811
0.9762409
0.52254
-1.209681
0.9679296
1.493901
1.684001
2.452748
0.4588821
1.980175
1.207735
1.505468
1.829106
1.822653
0.0672046
0.2739799
0.8304101
2.322864
1.418123
0.8253118
0.882006
1.146595
0.9559894
1.456481
1.85449
1.604453
1.101555
1.659667
1.390073
1.678373
1.956274
1.598376
1.24368
2.099618
0.717457
0.6680733
0.9946432
0.4612689
-0.1216104
-0.2268506
-3.281686
-1.266223
0.4406116
0.9755899
1.834992
0.7203492
1.004609
0.5721721
0.7523892
2.144918
0.3356733
2.235255
1.039791
0.9006945
1.452228
0.07068135
0.6578745
1.244261
1.577137
1.608215
0.8421351
1.693819
1.876242
1.58472
0.4494943
0.5550624
-1.753912
0.4843654
1.615268
1.494895
0.4488048
2.29013
1.889439
1.919984
2.819623
2.520777
1.163789
0.7093258
1.087761
1.538189
1.301158
0.04060378
0.9167655
0.3795059
1.570918
0.3321964
0.2910234
-1.013542
0.3345792
1.536401
0.5143538
1.369112
0.5016848
2.129521
1.550429
0.1610981
-1.165942
0.7750894
0.9839185
2.319596
0.7621335
2.360539
0.2799356
2.358566
0.9251949
0.7500885
1.226412
0.9132507
1.488767
0.9541359
1.465397
2.129066
2.289605
1.679652
1.8141
0.9903289
2.349814
1.074564
1.107245
1.606092
0.5138272
0.589385
1.834905
1.429937
1.627091
1.814365
-0.5528584
1.72705
0.637806
0.9067499
2.417729
0.6216401
1.19925
1.159684
1.664222
2.501591
2.107296
1.995461
0.397595
0.8622174
1.825161
0.35445
-0.2314284
1.410186
-0.282598
1.833211
1.475657
2.02565
1.185661
1.998229
2.194445
1.563299
2.641364
1.929587
1.788237
0.8918282
2.067913
0.7316493
-0.6327765
1.74939
2.028609
0.6718302
0.4607253
0.3280135
1.148577
0.7909395
-0.03092292
2.037832
2.030192
0.3332964
1.82581
2.275086
0.437064
0.9147083
0.5369497
0.5836489
1.330796
1.052178
1.833064
0.8297757
0.4990183
1.935972
1.036865
0.9798378
0.49388
0.7522501
1.983933
2.052971
1.711463
2.207337
0.6173253
0.4559151
0.6835514
0.6855076
1.495597
0.6028642
0.6896108
1.053114
1.745259
2.062929
0.6847773
0.3303869
1.380944
1.05558
1.607123
0.4676615
2.028923
0.5503395
2.313612
1.084463
0.6235929
-0.3808391
-0.7689094
1.10405
1.330279
1.817582
1.839216
2.168442
1.830586
1.171483
1.300393
1.696562
2.048728
1.96505
2.212838
1.598759
0.7828687
0.9990573
1.375108
0.9211456
1.12926
1.343491
1.21079
1.435589
0.4630004
1.712901
1.60823
1.808647
1.029855
2.472319
2.491708
1.866466
2.238311
1.0049
1.017031
0.5695215
0.3640592
0.2431774
1.279979
1.304094
2.716965
1.645488
1.052209
1.510912
2.829473
1.336607
1.931219
0.6505998
1.334509
0.9733565
1.853645
2.19314
0.3087845
0.5015198
1.03363
1.614781
0.8980608
2.349294
2.090171
1.761739
2.073204
2.61621
1.95078
0.802537
1.67991
2.427097
2.502533
1.485897
1.184351
1.749269
1.548789
1.583204
0.8616255
2.468344
0.5901795
0.6155734
2.254764
2.062787
1.991799
2.434763
1.184915
-0.3942369
1.25884
-0.1807695
0.3613522
2.55947
1.573383
2.158872
1.757734
1.134677
0.7719355
1.887432
1.630749
2.004312
1.512939
1.562485
1.937045
1.227818
1.054864
1.292697
1.651115
2.120385
1.685806
2.638316
1.973156
0.7343258
0.7421116
1.038302
1.171449
1.972827
0.8440256
1.247014
0.89679
2.236476
1.935626
1.972816
1.528325
0.4589898
1.502174
0.8442195
1.326169
2.820342
1.870249
1.801203
2.05889
1.740599
2.677658
1.304485
1.972601
2.298361
1.301049
1.954628
1.793051
-0.2784291
0.5647843
1.664938
1.32786
1.836578
1.726707
1.357671
2.754776
2.223298
0.3993659
2.308951
1.680029
0.9417335
0.6550472
1.133273
1.950081
1.205405
1.025922
2.454076
2.506384
2.201847
2.448243
1.329752
0.8394398
1.913427
1.155347
1.099154
1.088291
1.147805
1.530499
1.45172
2.466304
1.739021
1.528697
1.751084
1.806281
0.3681089
2.149639
1.166258
1.477896
1.406257
1.380868
1.637214
0.2114584
0.5395279
0.3064912
-0.1833134
1.718644
0.3680513
-0.02153947
2.909288
1.725535
1.482832
-0.193084
0.3807415
1.253994
1.219879
1.83245
1.342468
1.997311
2.306739
1.931408
1.281414
1.667408
1.983467
0.9811124
1.64892
2.233709
0.9187503
1.031625
1.530511
1.555439
2.938067
1.570368
2.105673
1.163055
1.555272
2.361721
0.9033861
0.826803
0.9483012
0.5889083
1.398749
0.8565918
2.219569
0.8740574
1.240822
1.367559
-0.0227262
0.606434
0.7372238
1.741937
-0.03220932
1.923176
1.835194
1.585094
1.070241
2.653571
2.218763
2.154633
1.909159
1.78008
1.210412
1.816223
2.210219
1.369311
1.489208
1.854075
2.583217
1.776365
1.740665
0.6822858
1.863591
1.841619
2.061133
2.13818
1.171345
1.923893
2.144582
0.7790112
1.688732
1.823962
1.76014
0.7470444
1.851329
1.285426
1.290752
1.331945
0.4870743
1.648938
2.005565
1.464946
0.4661893
1.490452
1.529019
1.703728
2.475867
2.654041
2.231828
1.496911
1.827955
1.009109
0.504008
1.181738
1.714962
1.563513
1.579424
1.92217
1.367155
1.540276
2.219416
2.122021
1.139529
1.360864
1.813228
1.020703
0.4962064
1.938272
1.794133
1.632695
0.4155525
0.7132191
1.796414
0.3458378
1.427596
-0.08189804
1.142965
1.2522
1.902244
1.593996
2.284235
2.123248
2.118572
1.893936
2.347783
1.867211
0.2543253
1.234895
1.416826
2.038277
0.5437796
1.13696
1.995788
0.9591016
1.07968
1.241029
1.459114
1.331901
1.751747
2.798127
1.234871
1.77401
1.07674
0.8446579
1.954035
1.241887
1.329667
0.6851453
1.615851
1.485489
1.232355
0.4005163
2.166367
1.42874
1.604803
1.415158
0.3621812
0.05674717
1.586768
0.9088812
2.173196
1.31194
2.276881
1.168383
1.473306
1.772924
1.755835
2.205406
0.4425225
1.867992
1.836031
1.686211
1.830611
1.164679
2.19336
2.054033
0.5334945
2.031074
1.593281
0.5419566
0.6187775
1.215386
1.901989
2.024663
1.216267
1.42788
2.467381
0.6281442
0.5558961
1.477844
1.206381
0.6911327
1.088976
0.3084949
1.209449
1.382877
2.604622
0.5160767
1.803838
3.332831
2.511953
1.656419
1.830229
2.50733
1.826934
1.912622
2.484841
1.681421
1.177186
0.1608496
1.13201
2.008869
1.583991
1.742155
1.111924
1.141879
0.6115777
1.956663
1.101587
0.3027016
0.5834885
0.03475057
0.03789226
2.285358
1.482475
1.830291
-0.3469269
0.6882845
0.7734248
1.58625
1.276334
2.215037
1.018624
2.449893
1.912042
0.8258961
1.621191
2.889782
0.8958714
1.854524
1.265633
1.623215
1.518738
1.766864
0.7402077
1.687297
1.463046
0.03875976
2.158319
0.8870565
1.502241
1.550577
1.654679
1.428413
1.254118
1.079541
1.853323
-0.3374979
1.255145
1.391359
1.602344
1.498276
1.23807
2.126914
1.187806
1.4794
2.194022
0.9626205
1.411239
2.115569
1.656665
2.039857
1.503187
2.115195
2.134926
0.8308786
2.072916
1.645482
-0.02073692
1.607503
1.267256
1.610259
2.173399
1.061819
2.086943
1.133788
1.514584
2.376933
0.9929913
1.440277
-0.3433296
-0.4963118
1.219602
1.863268
2.755524
0.9696159
0.5760974
1.621792
2.090494
-0.2012312
1.357531
2.231964
1.572286
0.5836256
1.587159
-0.2569537
1.503755
1.545511
2.391787
1.280421
2.518622
1.15335
1.687227
2.329768
1.82987
1.98832
0.9251977
2.215566
1.752732
0.6230821
2.33911
2.658386
1.955992
1.029886
1.604903
1.390291
0.9107036
1.316084
1.627443
1.467129
2.054983
1.554393
1.881288
2.239716
2.17644
2.082056
1.478894
1.984706
0.6566775
-0.02270792
0.2220852
0.1736158
-0.3958436
1.170316
1.404095
1.593843
1.711431
0.8985008
0.7537997
1.041827
1.960609
1.079918
2.133949
1.209993
0.6149249
1.387583
1.85715
0.3567375
0.8725233
1.097502
0.9672514
1.774535
0.7828963
1.759335
0.5541929
2.058491
1.267893
0.8635554
0.2617316
1.950019
0.9129053
1.172331
1.889958
1.102811
0.01898888
1.300249
0.8842972
2.682416
2.706281
1.614874
2.294838
1.615712
1.719281
0.9319867
1.617139
2.106721
1.512917
2.094689
1.737094
0.7774688
1.788389
1.328495
1.445631
1.118891
1.321526
-0.2894524
1.783187
1.593096
1.386439
0.8337726
0.6952865
1.106261
1.603808
2.119178
2.264959
1.618099
1.375762
1.115367
1.849419
2.235171
1.305256
1.414505
0.4958424
0.9444372
1.137022
-0.3739804
1.797735
1.342966
2.011764
0.5556492
1.908255
0.6609862
0.8007435
2.155327
1.985441
0.9181985
2.382097
0.03938988
2.421866
1.102208
1.019648
-0.4290001
1.306148
1.234859
1.820303
2.053612
1.519565
1.581478
1.349805
1.547616
1.652978
0.8521142
0.8224444
1.676628
2.07137
2.265384
1.573357
3.039197
1.994943
1.157905
2.280437
1.002855
2.345972
1.748273
1.945432
1.923735
1.446853
1.318867
1.149972
0.5659464
1.355323
2.375374
2.875783
1.623795
1.240316
1.961583
1.145367
2.110013
1.271622
1.888955
1.931963
1.509518
0.7934927
0.9822087
2.021917
1.515582
1.646603
1.525457
1.895235
1.26416
1.41993
1.073661
1.583351
1.427532
0.2700931
-0.07215825
-0.2233485
0.91233
1.318228
1.473859
1.139474
0.04738995
-0.5310581
1.442921
1.410002
1.849409
1.739521
0.9750611
1.546535
2.027086
2.445789
0.1047539
1.359341
2.11984
1.937974
2.108599
2.101303
0.7245683
1.387335
0.7072192
0.8948453
1.79952
1.306818
0.7538594
1.237329
1.330792
1.23638
0.7521717
0.7148667
1.44567
2.160661
-0.1243474
1.76635
0.8456817
0.9665863
2.349933
1.66758
2.35323
1.624854
1.337733
1.827926
1.134373
2.311005
0.6790467
1.066067
1.40139
1.294174
1.954727
2.633417
1.476052
1.285736
1.678227
2.250492
1.579709
1.983899
1.162264
1.669352
0.2122407
0.08293323
0.904863
1.06111
0.4238119
0.3066599
0.4984193
2.428933
2.069748
1.078588
1.916368
1.352958
0.9917898
1.02408
2.066293
1.819883
0.08908053
0.8793242
2.552084
1.653643
1.426775
0.3537152
0.8089845
-0.5135779
1.04991
1.349426
1.723159
1.799318
2.045657
2.397186
1.603548
1.605032
1.283022
0.7778744
2.16618
0.1299626
0.8600402
1.649229
1.722126
1.413004
-0.4517665
0.7272325
1.23272
2.217218
1.371189
1.936802
0.7446716
1.052794
2.016131
0.9301076
1.995891
1.945668
1.80027
2.288925
3.033047
2.945099
2.857649
2.016521
1.696033
1.238045
1.578752
2.230945
2.188932
1.472854
1.389724
1.649112
1.668889
1.503628
1.457587
1.362153
1.384608
2.021774
1.260747
1.189957
1.327536
2.308744
0.1667463
0.0832658
0.2622056
1.074975
2.04565
1.789162
1.611285
2.011251
1.717532
2.003741
2.58997
1.1017
1.294427
3.45178
2.184622
0.6583457
1.419921
1.079029
1.006954
1.856795
1.417798
1.219904
1.624189
0.8600353
1.623049
0.1957318
2.202926
1.439947
0.01314383
2.524208
0.5499194
0.5131178
1.270497
1.642994
1.326736
0.9466279
1.363988
1.513152
2.029071
1.404731
2.315507
0.9236766
2.147175
0.2318438
2.135494
2.237175
2.159792
1.77667
1.734592
2.947502
1.137173
1.444132
2.325873
1.780548
0.9266496
1.327355
1.655377
1.634968
1.159359
1.379087
1.839832
2.108245
-0.1037408
1.116235
0.07356369
1.720621
1.529783
0.7467208
0.3949857
-0.3696411
1.620493
0.2699901
2.363133
1.310532
1.833724
0.8928385
1.260691
1.645585
1.536363
1.431567
1.598743
2.302297
0.4144925
0.750965
2.176193
1.594669
-0.8104501
1.696301
0.9011432
0.8227431
0.8884962
0.7608318
1.599356
1.905495
1.476938
1.329268
1.477238
1.628395
0.9756382
2.297625
0.9084947
1.260166
1.557312
1.834141
2.015179
2.507654
1.187081
2.77042
0.9221371
0.8480941
0.9307777
1.349286
2.174699
1.448408
0.3373449
0.07248389
0.45501
1.578108
2.458171
-0.148224
1.756984
0.6285513
1.057705
2.327208
2.582112
1.054737
1.427648
1.224822
0.8945475
0.9144443
0.9862613
1.121283
-0.3595305
1.189639
1.661676
0.6144425
1.612018
1.501422
2.188615
2.09947
1.430278
1.128627
1.391254
0.002348066
2.06202
0.9921078
1.772377
1.292286
0.5483472
1.726915
1.309353
1.135111
2.017225
0.2267871
2.67374
1.263331
2.231206
2.222703
1.853297
1.815618
1.19502
1.717455
1.18554
1.464728
1.531976
2.346861
0.227278
1.642703
1.367999
1.783658
1.54401
1.881004
1.529068
1.834903
1.419296
0.6957928
0.5493284
2.984176
1.07372
2.056454
-0.0106265
1.637565
0.2235988
1.83306
1.966791
1.642442
1.065694
-0.4811443
1.78005
1.708003
1.4331
0.4761507
1.346966
1.486807
1.944973
0.5310615
1.764947
1.26781
1.719201
1.238698
2.409038
2.188258
0.9984028
1.476418
1.253948
0.5320413
0.2202205
-0.05348887
0.3099968
1.13687
2.261033
1.432195
2.40278
1.426766
0.8812533
1.86651
1.711967
2.45983
1.416878
1.033415
0.9217628
1.338299
1.530077
-0.4436584
0.6699908
1.12035
2.017324
1.577879
1.56173
1.147279
0.9502743
1.227428
1.260211
1.4026
0.4853092
1.274366
0.8293213
1.268022
1.313531
0.9477243
2.091718
0.1269853
1.731234
0.1511803
1.477166
2.14878
1.279231
0.1724807
1.964212
1.516277
2.788606
2.815935
2.087106
0.9589614
1.235766
1.953112
2.575552
2.625692
2.130403
0.569192
1.481215
0.9694437
0.982331
0.9367395
1.460378
0.8933973
0.9520685
0.8089144
0.9256375
1.828178
0.7974158
2.291321
0.03067077
0.2888765
0.368219
2.289051
1.66215
2.022256
1.120926
-0.02561933
2.333661
1.25115
1.385628
1.897208
-0.2176131
0.8698623
1.276587
1.97129
1.483732
2.254678
0.2156188
1.984429
2.601174
1.420962
1.202885
1.551242
1.041414
1.681295
1.801585
1.726962
1.497287
1.387237
1.017802
0.04299142
0.9713762
1.642477
-0.03565127
1.833867
1.843704
0.8031256
1.716211
2.471459
1.469645
0.2675101
2.078844
1.492034
2.155238
0.8944744
0.3011344
2.408754
2.217115
1.455956
2.097521
2.066714
0.5954211
1.71537
1.823124
0.6707378
0.8746306
1.555442
1.264056
2.428315
1.940462
2.066751
1.926941
1.006504
1.608212
2.327632
1.377309
2.146435
0.9786993
0.9304786
1.207507
2.476616
1.896852
2.442846
2.501627
1.423881
1.441551
2.080175
2.160951
1.824662
0.9824146
1.383072
1.114707
1.662481
0.9118399
0.08483681
0.1897398
1.148337
1.452827
1.124714
1.802466
1.261338
1.961815
2.105231
1.092193
1.574741
2.597585
1.265202
1.903434
2.489422
2.196314
1.297195
0.6477236
0.80866
0.1019495
0.1711474
0.1278724
0.4662428
0.9629638
2.117265
1.68623
1.586267
2.163874
1.514302
2.463035
1.654199
2.364074
4.284222
1.916026
1.204442
1.0861
1.235359
1.634684
0.6476989
1.075993
1.141986
1.256657
0.6698447
2.109787
1.679143
1.518529
1.602745
1.88056
1.806342
2.020927
0.2976323
1.303043
1.055903
1.462072
-0.2466579
2.110884
1.594066
2.193968
1.342681
1.429458
0.861413
0.6567774
2.341962
2.526045
1.67661
1.991118
1.34912
1.312689
1.520887
0.789229
1.560785
0.9304023
2.260172
1.433471
1.039361
1.819925
1.630506
1.753439
1.541296
1.800475
0.992304
1.071231
1.80467
2.484896
1.292899
1.2359
0.9413362
1.638331
1.680298
1.609905
-0.2759228
1.119853
0.932452
2.730213
2.137031
1.345105
1.409579
1.555046
1.203171
2.705271
2.610248
1.948532
1.454411
1.211074
0.8265201
0.8616357
1.892401
1.83115
1.695201
1.701414
2.118116
3.053792
0.9358082
-0.4122948
1.292325
0.9721077
-0.6051808
1.546837
1.873259
2.194513
1.595247
1.198511
2.351533
0.8627101
0.3338227
1.5769
2.533756
0.3254258
1.454624
1.802829
0.519701
1.261892
2.313845
0.3404615
2.011623
2.244647
0.3116859
1.067825
2.021867
1.914645
1.795682
1.599346
0.9380862
2.020018
2.078685
-0.08561818
1.90753
2.277988
1.64192
2.248373
2.965144
2.192886
2.373481
2.610547
1.957291
1.237622
0.2856753
-0.5501908
1.517766
1.924626
2.354221
2.109976
1.993659
2.665937
2.272791
1.760846
1.894229
1.677037
2.425223
1.762316
1.12474
0.9533947
1.796094
1.055609
2.006305
2.460392
1.285879
2.094996
1.617125
1.752285
2.234443
2.662411
1.338653
0.8968133
1.002735
1.75592
-0.1167881
2.208308
1.578003
1.795612
1.883805
-0.02307777
-0.6976562
1.498245
2.676247
3.165459
2.177157
1.773058
1.197593
1.255062
2.437271
2.678704
-0.1768758
2.406303
2.329636
1.211488
1.59133
1.35611
1.285985
1.42305
0.7225767
2.549776
1.476481
2.637048
2.330515
1.828151
1.387979
0.9421441
0.6234572
1.68733
2.295002
2.068692
1.065458
1.555333
1.167166
2.026708
1.118937
1.58235
1.771651
1.822724
1.328957
2.28248
1.263299
1.454537
2.167742
1.877512
1.25611
0.7999721
1.534927
1.458934
1.917222
1.558218
1.22717
1.300672
1.154579
1.216189
0.3676649
1.3548
0.92883
1.353905
1.143441
-0.009085941
0.3386918
0.6325718
0.9410863
1.275862
0.2554012
0.6983684
1.209161
1.352788
2.070587
1.98229
0.2426978
0.7520831
2.130853
0.09165924
1.580457
1.459242
2.776254
2.164493
1.695049
2.121242
1.893536
2.112525
2.441904
1.740477
0.8239859
1.530796
2.74201
1.238899
1.747255
1.748957
0.8094743
0.4657427
1.3764
1.242844
0.4030846
2.233406
1.683566
0.4038163
2.090611
1.122976
1.199673
1.441542
2.81169
2.257361
0.1063719
1.034389
1.444624
0.9623135
1.061066
0.7205278
2.197168
1.785919
2.245101
2.11306
1.40628
1.045627
1.656669
1.128721
2.470725
1.506899
0.7451212
1.434681
1.23595
1.077845
1.846835
0.9707622
1.753522
2.555047
1.362157
2.284781
1.912239
1.647729
2.512919
0.7168152
1.958934
2.100647
1.476935
2.218066
1.294856
2.116517
2.56597
1.679116
1.828931
1.599959
1.910365
2.101079
0.09297972
1.907028
1.383493
0.9370962
1.376252
-0.02991962
0.2226442
0.3871826
2.101016
2.612468
1.340832
1.787527
1.58944
1.702653
1.594319
0.193542
1.98556
2.235108
2.525551
-0.06662661
0.9595257
0.7906824
0.8106617
0.5123951
1.052747
1.838693
2.591785
0.4047824
2.2052
2.59364
2.536916
1.872983
1.710805
0.7141979
1.695378
2.968151
2.278434
1.16941
1.37573
1.340398
1.249625
2.101761
1.683445
1.960309
3.403183
1.534939
1.159217
1.262964
1.876716
1.319972
1.958874
0.8031113
0.06123672
2.204361
2.278829
2.22291
1.559108
1.17169
1.021136
0.8057411
1.846993
-0.007749212
-0.4922843
1.075781
2.319613
1.13901
0.6539332
1.67932
2.093676
1.922829
1.776293
1.811925
0.8912983
-0.2543774
1.555771
1.560498
1.145345
2.449976
1.986861
1.327585
2.391731
1.941044
2.863276
1.043212
2.892225
2.121871
0.4197959
1.712326
2.437604
1.214226
1.729277
1.00576
0.9995891
2.244759
0.8695873
1.504031
-0.7884773
1.216549
1.351399
0.1555655
1.734527
1.279288
0.2613524
0.7093998
1.232066
2.354705
0.3588481
1.564137
1.571199
1.469266
1.178964
-0.4761985
1.016195
-0.4508717
1.640238
0.8258461
1.212757
0.3566977
0.8690361
2.182048
-0.1026703
1.740316
1.962564
1.634553
1.261878
1.860599
2.217113
1.073217
2.575061
1.879202
1.093971
-0.1881286
0.8719574
1.500809
0.7999942
2.116438
1.432123
2.219063
2.26561
2.076874
1.436083
0.9428753
1.874452
2.459814
-0.6363065
0.713264
1.452032
1.040892
0.1021818
0.02958459
2.066422
0.6870856
1.255786
2.257958
-0.01742528
1.635142
2.151425
-0.05971172
2.171148
2.171571
2.740238
2.232868
2.33911
1.657845
3.221384
1.22308
1.075282
1.183852
0.8529229
0.844523
-0.3470928
1.362775
0.2923738
1.46296
-0.05497756
1.003413
1.476497
0.8068005
2.561372
2.057927
2.242481
1.276088
2.024102
1.380359
0.2713708
1.377038
2.48896
1.792794
0.8240138
2.031671
0.2574913
2.156839
0.4611925
-0.09074335
1.946569
0.8752078
0.7193789
2.093314
1.098105
2.134391
1.259205
-0.3680252
2.243674
2.079781
1.11554
1.763964
3.393185
1.088542
1.071874
1.851039
1.458377
2.238415
0.8836691
-1.256807
2.799779
0.9555439
1.487231
1.152951
0.3853376
0.4988928
0.2441404
0.9052975
0.7241215
2.167171
0.05486318
0.9990175
-0.03232711
1.656372
0.7539092
0.8401646
2.249393
0.4058517
0.7921448
2.291328
1.502294
1.465058
0.5563629
0.2179098
0.6756338
2.297311
1.475387
2.092719
2.638298
2.518191
2.219403
3.122572
0.8438219
2.185763
-0.4902769
1.952884
1.435075
1.332088
1.955145
1.100414
0.9485675
1.549596
2.330845
2.776663
0.7149061
0.7576378
2.602902
1.730112
1.72971
0.8734847
1.512223
0.8534247
2.263617
1.875284
2.675226
0.7361614
0.2291138
2.867643
1.91276
-0.2938695
2.396758
1.581319
2.200692
0.8966708
1.636575
-0.50115
1.593386
1.831679
1.542173
-0.3460018
2.785402
1.343956
0.9039637
1.626081
1.018871
0.6372819
-0.1096396
-0.02146747
2.371908
1.685884
1.195195
-0.2688887
0.9826474
0.7619006
1.576316
2.604079
0.6005132
0.3452522
2.681243
2.28735
0.01128317
1.788131
2.44318
2.372927
0.8088966
1.081034
2.724535
2.338879
1.905354
2.345336
2.607144
2.326547
2.572948
2.669554
2.060555
2.404723
2.385858
2.75547
1.819654
1.926848
1.675396
1.98048
1.872457
2.113094
0.4371145
1.600774
1.031705
1.372542
0.945891
0.07673684
1.220409
1.710208
1.552692
0.9260492
1.983706
2.336974
2.493136
2.560737
0.7253117
0.7819897
2.335575
0.5480247
-0.760804
0.776985
0.4955069
0.7334647
1.524818
2.393216
1.722631
1.013766
0.928276
0.9029849
-0.5728718
-0.1372741
2.37589
0.1700483
0.6615649
0.9147496
1.123905
0.4956756
-0.3883473
0.8330493
2.559276
1.731207
1.157847
2.316654
-0.5987841
1.163934
1.377578
2.099063
1.889473
1.620553
0.01274298
2.607202
1.125737
1.753495
0.6861744
1.406355
2.861915
1.041073
2.518917
1.821529
1.677957
2.208512
0.4597534
2.36941
0.6650861
0.8298189
1.94523
2.560996
2.171265
1.686006
1.062142
1.865229
0.7407832
1.450961
1.823962
1.767161
0.9014708
-1.367799
0.9277651
-0.2022836
0.6953741
0.6543444
0.7492329
-0.7635018
0.9735715
2.42622
2.877009
2.318416
2.295906
1.933799
2.324904
-0.1364408
2.635282
1.67903
1.498615
1.678843
2.557833
1.037004
0.9285013
2.497181
1.693252
1.429956
2.430902
0.6559885
2.414391
2.454191
2.195237
2.356326
1.731112
1.668286
1.197695
0.2710232
2.245192
1.75733
1.626931
1.878119
0.7235368
2.401047
0.9410501
0.9665457
3.119551
1.780785
0.6852095
1.013959
1.319818
1.940368
2.558061
2.685836
0.155718
1.724907
1.498656
1.840134
1.349867
0.7319889
2.064756
-0.2296657
0.04698463
2.092284
0.9755476
0.6481279
1.130187
0.4261201
0.7412964
0.8367111
-0.3091324
-0.6357512
0.4823615
1.133096
0.744326
1.20544
1.626972
1.069153
1.802404
-0.03138921
1.860044
1.774999
2.186145
2.037354
0.4934212
1.060233
1.077035
1.986061
2.485069
3.149448
3.23978
3.187638
2.396851
3.096171
2.746539
0.302895
3.117682
3.136385
1.869748
2.014963
2.931882
3.480315
1.005212
1.823606
3.553009
1.572754
-0.03561926
0.8854664
3.513425
2.207979
0.4645311
0.7035006
-0.6861643
2.489458
2.117244
0.9783727
2.24411
1.594115
0.3321853
1.822609
1.677607
1.01044
0.6386695
0.5077432
2.692222
0.3582429
1.492514
2.52677
0.7870517
2.414769
0.7922119
0.3630052
1.435751
1.089664
-0.2386964
1.553259
0.9196794
1.939021
2.042668
2.333067
2.635947
3.010603
2.658592
1.675337
0.2291731
-0.1695898
1.363371
1.553217
0.2291131
0.6599205
0.444301
0.8307779
2.437046
2.105827
1.571087
0.6450925
1.260539
2.646045
1.824828
0.6067565
2.350406
2.219711
2.987237
2.787914
2.501563
2.284798
0.9306642
2.16645
2.027124
1.970166
1.152072
0.5570313
0.4653488
-0.5514645
2.169232
1.149665
-0.5483185
1.329272
0.8315389
0.3198724
0.669535
1.077117
2.478462
1.33422
1.953666
1.590764
1.616322
0.7694569
0.1864754
0.1935178
1.798934
1.848872
2.211533
1.709129
2.492569
0.5196093
2.902477
1.488303
0.5693718
2.072025
1.032318
1.129695
0.7987107
1.696087
2.467139
2.726277
2.702594
1.311654
2.706562
1.399424
1.896071
0.3747548
0.09118476
0.6838764
0.5229821
1.023409
-0.2300865
0.662518
0.03988452
0.7602644
2.430799
1.571374
1.058857
1.721691
2.412816
2.465866
2.012024
1.918931
2.413329
1.168182
1.419409
0.3976827
0.338018
0.5258484
2.759771
1.755053
2.112009
1.158395
1.427681
1.542082
1.733661
0.6246779
0.7870334
1.1569
1.451192
2.004469
2.651649
2.354345
2.390325
0.8955877
1.428871
0.2812589
2.232304
2.56256
0.3444471
-0.08042024
0.6433374
-0.08160279
0.9854075
2.526282
1.497207
1.903852
0.7798307
2.933654
2.371837
1.788482
1.920555
1.152298
1.075468
1.988394
0.9038881
3.588076
2.273204
0.6928225
1.962746
1.172424
1.676786
2.303089
1.344831
0.4855149
0.44642
1.031553
1.056283
1.949322
0.361115
0.864559
1.916909
2.569796
1.818317
2.550183
2.791307
2.340695
1.969948
1.808715
0.04267659
2.16784
1.882136
1.360266
1.612566
0.0718791
1.504384
0.5749748
2.126623
2.130142
1.24597
2.929065
0.6769909
1.058807
0.3695596
0.7118124
0.4250246
1.261976
0.9995536
2.043465
0.1921318
1.126117
-0.07912636
0.6852108
0.2773205
2.328192
2.043934
1.087022
2.178092
1.576315
0.9742023
1.424293
2.162923
1.543708
1.449525
2.086456
-0.1008928
-0.2512832
0.01864471
0.905319
0.8881199
2.400848
1.896489
2.403548
2.09475
3.366705
0.7763941
2.590722
2.606291
1.077059
0.4910012
1.592287
0.449302
2.453173
2.367371
2.524341
1.829831
1.835205
-0.2645017
0.9990731
1.774375
2.565179
1.798019
0.4624445
1.693715
0.9024885
1.114408
1.988263
0.7773788
1.477886
1.327874
-0.7474857
0.6313192
0.67152
3.319371
0.2334724
0.9427634
1.130586
1.770233
0.5347169
1.854652
0.2875876
1.194471
1.968808
0.2241191
1.728841
1.304061
1.621823
2.555668
-0.1510139
-0.2493715
-0.2326996
0.5900978
0.6395835
2.637704
2.140038
1.438516
1.145761
0.62746
2.384797
0.9912788
2.285175
1.618216
2.996494
0.6888639
2.944825
-0.4594747
3.583523
1.780841
0.9839359
1.222374
1.401182
-0.09743956
1.80269
2.152038
1.713483
3.439212
2.452914
1.217324
1.097716
1.959157
2.279072
1.483059
1.984744
1.083943
2.276958
0.6729628
0.7845875
1.939094
1.602476
0.8884564
1.338422
1.512873
0.2890682
0.4674419
2.164856
1.762812
3.661047
2.408227
1.085535
2.454939
2.351443
1.555803
0.761971
1.528079
0.4352527
0.9606037
1.117205
1.725597
0.5675431
-0.1641749
0.4036909
0.03365396
-0.0625172
2.746559
0.318957
0.5467689
2.301767
1.079331
0.1042435
2.719744
2.506992
0.666751
2.106682
2.617981
1.217581
1.523856
1.773429
0.5926405
2.482088
2.023735
1.757568
2.18961
2.802024
0.3399983
-0.8507786
2.836804
0.9915865
1.332052
1.323011
2.13126
1.690114
2.127302
1.987832
1.88608
1.320754
2.976973
2.78912
1.835966
1.600507
1.795634
0.3533956
1.641516
1.992084
2.52657
2.384106
0.9012524
1.331227
2.021805
0.3972547
1.579061
1.125253
0.7025376
1.734763
0.5208233
1.248598
0.5593194
1.25487
2.41092
2.592598
2.457139
1.01964
2.014966
2.071336
1.303553
1.430216
2.932401
0.8556404
2.065166
1.923478
2.087074
0.08828381
2.043819
2.424152
2.104166
2.008092
2.658997
2.750732
3.258359
2.487839
-0.126604
2.438542
1.440663
2.541701
-0.4816848
-0.1732937
0.3971927
0.5226895
0.5640019
-0.4095599
0.2147522
1.851696
0.5446467
1.218024
0.5464285
0.2889382
0.9835724
2.358931
0.9324848
1.797214
1.921713
1.082027
1.774165
1.014455
1.942859
0.004731577
2.330424
0.570511
0.8718925
2.395057
2.035957
1.329057
2.28872
2.159192
0.06835865
1.513175
1.540189
1.580739
2.579729
1.348456
2.256291
0.4927994
0.6718641
1.820048
1.9159
3.346168
1.003994
2.290661
1.066074
2.246088
1.105382
0.3660451
1.074438
-0.1490574
2.338859
2.20927
-0.3599985
0.6225993
0.6522386
2.04685
0.4904484
-0.313694
0.8228563
1.241292
1.434915
2.147294
0.5221179
2.284066
1.830973
1.723408
2.011965
1.042177
2.106547
1.391115
-0.7637899
-1.582066
0.6042199
0.1289425
1.580998
1.908991
2.489641
1.658141
2.221575
1.659359
2.34281
2.56632
1.74146
1.038207
1.973197
1.915961
1.274836
0.9364366
2.541826
2.70097
1.912739
2.047375
2.001559
0.442477
0.8029261
0.5886783
1.935847
0.58489
2.7166
-0.4469632
0.2256119
0.7099722
1.072978
1.05466
0.4948989
-0.8142678
2.052574
1.044312
1.102673
0.3148018
1.066046
1.700744
3.180154
0.6260923
2.14088
2.200349
1.414241
4.122936
0.4218695
2.360028
2.212514
1.585612
1.537837
2.337786
1.923191
1.067151
1.251537
1.658625
2.542995
1.769661
2.23593
0.02227594
1.773264
2.350572
1.044651
1.54778
1.016253
0.8053819
0.6346483
-0.1489228
1.392198
-0.7739379
0.8873168
0.8337473
2.260486
1.110392
0.1489682
0.8632804
2.173721
0.8280902
-0.7557427
1.738119
0.6093782
2.224921
1.200679
1.194922
2.023293
1.936616
2.279363
1.785594
2.344215
2.160683
0.9643431
1.854296
2.058585
1.91767
0.7867011
1.66857
2.06541
0.7588362
2.77433
0.9952596
1.550707
2.669369
2.194705
-0.1139529
2.202725
1.592617
1.908628
2.016638
1.612814
0.7141491
2.102627
1.005356
0.9443827
0.3578822
0.4746902
1.21384
0.6699128
1.197339
0.8032961
0.9587865
-0.7300943
0.854926
0.7039088
0.07609312
1.569544
3.409419
1.300815
-0.3361241
2.265289
2.176384
0.5126694
0.3546534
0.5691218
1.006768
1.179573
0.819535
1.233979
1.210022
1.042015
2.389632
1.023373
0.7283832
1.724768
1.983653
1.045979
0.3103626
1.358234
2.175696
0.9360088
2.03936
1.503527
1.435773
2.075242
1.035607
2.267181
0.4492869
2.065483
0.8882547
0.6578907
1.260125
1.973927
1.807074
1.302398
1.379615
1.761021
2.052076
0.6797486
2.807553
-0.3313137
2.110616
2.117553
1.554114
2.539815
3.216398
0.6527635
1.241605
0.797747
0.6401405
0.4376569
2.105367
0.5244404
1.587128
1.557629
3.368545
1.494559
1.346362
2.332557
2.114069
2.463701
1.34649
1.410529
2.259269
0.9284884
2.124814
1.881371
2.052561
2.366238
0.07195372
2.126173
1.493581
1.049066
2.738692
3.824877
-0.6721253
0.719776
1.083938
1.338646
2.12022
1.477435
0.2066719
2.022635
1.021085
0.1819786
0.2417964
1.125758
1.857128
1.247911
1.152494
1.208413
2.06225
1.70441
1.784237
2.027857
0.6077245
0.6897391
1.412688
1.308037
1.196384
0.5944238
1.525562
1.259542
1.293858
2.199919
1.299522
1.373695
1.903825
2.244547
0.812059
1.552247
1.28296
1.841326
-0.09232571
1.87901
2.146759
0.7387866
1.308506
1.160037
1.246526
1.996051
1.208917
0.5972196
1.357598
0.9831921
-0.3368355
-0.02522833
0.9004283
1.314043
2.017072
2.544812
2.127181
0.3497543
-0.4531765
1.895043
1.207668
2.744864
2.663952
0.752979
0.3422501
1.692725
1.904766
1.536635
2.637436
0.7698399
1.188475
2.25774
1.656049
1.260775
1.929222
1.944759
0.4553055
1.499897
1.692356
2.525339
1.588184
1.690077
2.127151
2.348838
2.826434
3.304127
1.742727
2.149842
1.971896
1.555449
-0.14218
1.581284
1.636507
1.490485
0.4696037
0.705443
1.419112
0.709555
1.757457
1.325343
2.363624
1.047048
0.6859791
1.067688
1.364631
0.7166027
0.4254721
0.9859962
0.8601197
1.091792
1.179835
1.988514
1.463163
1.324867
1.384834
1.696945
1.559259
0.5535739
1.664689
0.7013081
0.7762582
2.278028
1.606505
0.1620594
1.488928
1.625875
1.301968
1.346691
2.334949
1.015583
1.707896
0.9401947
1.809734
1.100353
1.959428
2.310167
1.32773
1.262956
1.024754
1.053607
0.6622856
0.7405379
1.177431
0.9598049
2.439505
1.946519
1.975166
-0.1071138
1.597994
1.425436
1.382055
3.145705
0.8307929
0.9676422
1.020453
0.8874646
0.5828978
0.5518195
0.9686553
2.218936
0.6533512
1.774199
0.90095
1.86186
0.7536651
0.1140951
1.158334
1.644459
1.501718
1.506942
1.73654
0.3776544
1.715169
2.385455
1.41508
0.5408546
1.405398
0.101984
1.192472
1.276692
1.194295
0.4189845
1.413603
0.5855126
1.237207
1.672269
0.5974405
0.5516966
-0.2311821
1.258628
1.755031
0.8347186
1.316508
0.5186757
1.760202
0.9279707
1.589825
2.547085
2.857172
1.785561
2.72598
0.91287
1.203558
0.5372561
1.338688
1.326071
1.05544
2.038722
1.043287
2.096719
1.915793
2.291077
1.587668
1.720415
0.6506658
1.544078
2.0847
2.159603
0.888706
1.804646
2.108451
1.75826
0.04940215
1.012839
-0.1809175
0.1459355
1.860364
2.499329
1.523893
1.429605
0.5254356
0.4435953
-0.5324458
0.706516
2.332255
1.398395
1.826469
1.660897
1.387795
2.678608
1.856694
2.210468
1.855744
0.8875644
1.511127
0.1459557
2.070374
2.289584
2.686493
2.294329
1.325673
2.342714
1.513391
1.427044
1.608492
1.887366
0.6879605
0.408596
1.083338
2.094166
1.460665
0.8658002
0.5483156
0.8593348
1.329782
2.580586
1.167681
2.10115
0.6478256
1.42697
0.9337666
1.781258
1.02629
1.301259
1.003335
1.660781
2.042261
0.9621686
1.865292
1.610183
1.585979
1.657545
1.354794
1.529009
1.202627
2.941938
1.110391
1.304247
2.957355
0.0300222
2.331805
0.9899454
0.07832534
2.264835
0.8583757
-0.9460139
1.787176
0.9777708
0.8967084
0.7510805
0.4530305
-1.142208
1.507008
1.368437
-1.07586
-1.299808
0.398066
-0.8435154
-0.2521794
-1.069051
-0.005771988
-1.701361
-1.64963
-1.081782
0.34501
-1.798464
-1.771514
0.9276502
1.983906
1.933815
-3.178072
1.546465
-0.6117312
-2.266119
0.6740354
1.081151
1.989577
1.484608
2.575063
1.291481
1.694963
2.333427
0.6078584
1.827512
1.975175
1.080093
0.8611745
0.7642156
1.883771
1.899613
4.294922
1.544698
1.834507
1.109293
1.887503
1.2316
2.743744
1.129107
1.99693
1.371404
1.354398
-0.1610083
1.310912
1.529244
2.011603
2.009735
1.366711
2.365852
1.56013
0.9846333
1.315723
0.3682605
-0.3931478
0.8736096
0.7352698
1.185192
0.6446736
1.70197
0.09288509
0.5650603
1.909899
2.827369
-0.272006
2.245003
1.806578
1.561356
1.551636
2.879443
2.446535
1.337181
2.862082
1.462657
2.172028
-0.3054082
1.97272
2.055471
-0.439019
1.134179
1.441426
0.8908558
-0.1666089
-0.5377608
0.2614836
-0.4878492
0.3365772
0.5555797
-0.5672792
-0.618
-0.7237015
-0.4793361
-0.7076221
-0.7708695
-0.8222764
1.104952
0.5607973
0.4034729
0.3260377
0.6621701
2.194321
0.4665274
1.297708
0.2983727
0.9413778
1.909582
-0.1065353
-0.849546
-0.2913605
-0.8519992
-1.817772
-0.7546474
-0.2595865
-1.023468
-1.078738
-0.5320437
-0.01117272
-0.5259092
-1.15158
-0.1215142
1.81151
2.342705
1.305791
-2.360823
-1.674381
0.2836515
-1.682547
-2.237849
-0.3251662
-1.634075
-1.106221
-1.775554
-0.5723649
2.085299
1.29891
1.172271
0.03854118
0.1897921
2.330644
2.111574
1.697554
2.117072
2.403447
2.61642
1.859509
1.168266
1.028583
1.854848
1.435443
0.7527497
2.441689
1.342705
1.51961
-0.2251586
1.467233
2.768457
1.272016
1.328119
1.621043
1.291521
1.172213
1.693457
2.185469
2.48137
1.944459
0.9144054
1.237167
1.147207
1.91943
1.629409
1.778643
