3.376421
2.309865
3.467026
1.708457
2.830722
3.282103
3.816498
2.593115
2.021454
1.73163
1.819819
3.516294
1.584702
4.99928
2.82802
3.668356
1.819326
2.250302
3.932382
2.533821
0.9546411
3.751509
2.791379
1.434336
2.539854
3.166156
2.712504
4.197477
3.509512
2.672302
3.233956
1.225387
1.734252
3.345024
3.549322
2.659254
3.099294
1.214609
3.277789
2.239499
2.885051
2.709524
2.666809
1.864176
3.441691
0.8825288
3.657914
2.165205
1.671692
3.525266
4.878485
4.080212
4.832944
2.793985
4.246208
2.291985
3.202108
1.610525
2.274193
3.482479
2.484836
2.541899
1.697633
3.437644
2.0242
4.106508
3.682082
3.261116
3.741783
2.615166
1.935938
2.408085
3.130407
1.622021
2.376233
3.107895
2.523215
3.545674
4.701459
4.026971
3.880999
3.703822
2.449135
2.964486
2.240883
2.213462
4.379323
3.065842
2.325738
3.198908
2.012215
2.625996
4.37986
2.220562
3.620712
4.069163
2.174714
3.59718
1.476942
2.694971
3.899852
2.028568
2.836394
3.985839
3.07939
4.187761
0.8994215
3.988326
2.53533
2.948387
3.146547
3.803039
3.25847
2.614979
2.339169
3.001599
3.056343
2.406283
2.873654
3.601194
2.70311
4.311877
3.11443
4.789035
4.166629
4.350045
3.757541
2.895779
3.954419
3.715277
3.494062
3.610483
3.494616
1.259615
3.431751
3.774909
2.361006
4.17631
2.492452
3.079814
2.306227
2.953225
2.14372
2.301707
3.769126
2.281024
1.600508
3.832945
4.402176
2.195918
3.294256
2.101182
3.244612
3.807502
2.670583
2.868575
3.468305
3.128419
3.86534
4.198623
1.992119
2.685038
3.860801
3.019827
4.844479
3.311876
1.811142
1.472798
2.723433
3.778362
4.07685
1.844342
3.251954
2.150102
2.997948
3.113476
4.028581
2.192363
3.024404
3.624685
1.245403
3.798642
2.694276
2.886408
2.159342
2.71371
2.405275
0.8971752
2.802738
3.683575
2.840151
1.805601
1.606013
1.02869
4.865442
2.924075
1.762312
2.983665
1.104158
3.220102
3.083686
2.523017
3.864144
3.071086
2.135497
3.061662
2.03324
1.795022
0.954336
4.240879
4.817638
4.189248
1.20834
1.579046
3.077702
2.142137
3.109518
3.851567
4.070533
1.374174
3.30852
3.157136
3.124183
1.174758
3.634207
3.984333
3.332264
4.341719
4.167341
4.142509
3.882185
3.803959
1.865574
2.69546
2.738915
0.6273778
4.829223
3.728447
2.481552
2.252397
4.73784
1.582312
2.405593
2.373368
0.9979438
4.175551
2.603145
5.201579
4.36239
2.22415
3.33135
1.728337
0.9065246
3.788394
3.265806
2.888081
2.752219
3.319479
1.278847
0.9881776
4.434604
1.173629
4.386524
2.529355
3.253364
4.346651
2.377164
2.869402
4.118984
2.722149
1.937208
4.26021
0.9694714
3.071504
1.822891
4.076086
2.870146
2.918671
3.614495
4.050945
0.9664318
2.876426
0.6206627
2.533457
4.482742
2.573317
2.578933
2.317933
4.263449
4.278428
2.944049
2.505578
3.467393
3.658512
4.222572
3.205348
5.227315
4.874718
4.490202
2.645302
2.623798
1.581085
4.801892
3.577784
3.663042
3.917332
3.650084
3.693125
2.319266
0.3361395
2.114427
4.099977
3.139744
4.264217
4.623047
3.090563
4.247846
2.884034
3.163013
3.503709
2.968326
2.548162
2.682897
1.430763
1.228439
2.211104
2.874523
4.381583
0.9450835
3.179398
2.591172
3.695172
3.011196
4.845024
3.007959
2.158481
5.245924
3.520178
2.137489
3.573271
2.77042
2.220829
2.405857
4.082161
3.052035
1.065064
2.764582
2.691554
3.749757
2.190497
3.474195
2.908797
4.261986
2.654721
3.855529
1.661556
2.934846
2.912034
1.730138
2.200445
2.080838
3.199638
0.8546701
4.199387
3.266338
4.953602
3.244839
3.98543
3.372626
3.905563
2.15731
1.854192
2.215355
2.446289
3.353892
1.7302
2.146641
