1.754555
0.7883307
1.018177
1.045894
2.136656
2.000755
1.129683
0.9106456
0.846178
0.4654114
1.100897
1.689943
0.3678282
3.05536
1.814835
1.53434
1.795419
0.9019395
1.92169
0.07273272
-0.4822858
1.428629
0.5710449
1.045624
0.3604425
1.950108
0.8657854
2.024334
1.889905
0.1742288
1.055451
0.9088561
1.590108
0.397541
1.990004
0.2383851
0.5124659
-0.4170988
0.6644576
1.030195
2.18358
1.670088
0.8476517
-0.008771215
0.7237119
-0.5875442
1.337844
1.966299
1.036215
2.900408
2.100917
2.462157
2.027588
2.401014
2.34264
1.828793
0.2694408
0.1617463
1.754043
0.8172634
0.3856621
0.2352778
1.281083
2.691474
1.769836
2.117891
2.596864
2.149762
0.9494529
0.8160529
1.112295
2.261637
2.063836
1.076805
1.034154
0.007639249
1.806115
0.08723087
-0.2209226
0.6037775
2.074637
0.5831733
0.5164403
1.190609
-0.3218627
0.6014199
1.077298
0.6586191
2.043533
1.775646
0.2819103
2.270735
-0.4457522
-0.935976
0.6290063
2.436223
-0.3918793
0.7242984
-0.2599036
1.079932
0.9324162
1.915071
0.6541136
0.3721969
1.135752
2.82894
0.01480781
-0.1204834
2.09909
1.125436
1.833031
2.178942
1.54801
0.1467679
-0.7214401
0.4786417
2.426969
0.8669117
2.576464
3.412088
2.211086
2.789435
2.248412
3.261114
2.361159
2.435095
2.373116
1.932764
2.629017
2.784204
2.363678
2.202969
-0.5015273
0.6596523
0.8860652
1.62989
0.1631024
0.8281276
1.161167
0.590661
-0.4781139
0.5855587
1.70607
1.053905
-0.4732146
1.870532
0.7088918
1.501741
0.694236
0.1888582
0.8585344
-0.3915937
1.326371
2.412438
1.373339
2.044368
2.034954
1.141117
0.3132468
0.5017433
-0.3299449
0.9581709
0.8711457
2.093257
0.06714556
1.64645
0.7122335
0.3673559
1.733949
1.067751
0.8416711
-0.4662393
1.205573
0.8904188
2.298587
0.203726
1.545365
0.6637438
1.870038
2.669097
-0.7853352
1.166467
0.6896137
0.9459349
1.795084
0.4416828
1.600072
0.6228028
2.017162
1.330055
1.591786
1.190845
1.54139
-0.6181246
0.7429349
0.2982233
0.9256486
1.565912
-0.2795103
0.5019279
2.341972
1.447405
0.4988421
1.416606
1.905582
3.00717
0.7081279
1.636486
-0.3612391
0.3803663
0.05745749
-0.1633273
-0.5826562
-0.2571065
2.03478
2.000327
-0.3371027
0.9203125
2.184264
-0.1330961
0.5611165
0.6869179
2.285392
-0.359115
1.867082
0.1351901
2.723865
0.4008139
0.617003
3.722492
1.146049
0.8901858
-0.1170411
2.432118
1.884755
0.008719508
0.5849849
0.5662648
1.151124
2.21119
-0.2754017
-0.5914674
-0.5148009
0.4096447
0.2780284
1.022898
0.4310919
0.7459385
0.6059711
-0.6494878
0.8508284
-0.08799826
0.6017668
1.428802
1.138949
2.657505
2.29083
0.9189397
-0.6472184
0.2644375
0.88207
-0.4636258
0.8027565
0.4454193
1.43761
3.787992
1.675781
2.168498
-0.1331531
0.6521588
-0.06537679
1.218636
-1.126728
1.564261
0.4734175
0.5049207
1.70391
2.295217
2.040577
-0.2790975
0.3965193
0.3761439
-0.8214122
0.6233784
1.046471
0.1272877
0.8022345
0.4938588
1.232331
0.6756338
0.7971938
0.3584401
1.034206
1.892012
-0.3092137
0.8190095
0.9415802
0.3102462
0.09751759
-0.07924931
1.244297
1.3931
1.017637
0.7126495
1.707083
1.460898
1.572768
0.1769889
0.6440623
-0.3232252
-0.1388523
1.380936
2.279043
0.5527684
0.6007113
2.351713
2.061756
1.738899
3.044638
-0.3107159
0.5539039
0.8404407
0.7655798
1.262026
1.056714
2.085436
1.704178
0.8504273
0.570956
1.111877
2.259021
0.120481
1.870271
1.916509
0.9167786
-0.1792307
1.340329
1.250445
0.7551972
0.5456663
0.5262211
-0.6834653
0.441619
1.327486
1.845093
0.8084621
2.166819
-0.03939518
1.4418
2.076494
2.211895
2.093076
1.038626
0.3786229
2.088384
-0.2506603
1.41269
0.9716921
1.075747
1.440502
1.225138
2.16942
0.4073247
2.354395
1.792864
-0.5976016
2.146821
-0.00656458
2.348636
1.261392
0.2319766
-0.1704342
1.314218
-0.03234678
1.75577
-0.6118314
1.11401
