0.5
0.5
0.5294118
0.5263158
0.4736842
0.4
0.7
0.3636364
0.5555556
0.6153846
0.4482759
0.5357143
0.6511628
0.2820513
0.5
0.4761905
0.5652174
0.4347826
0.5
0.5652174
0.5
0.3809524
0.5555556
0.5454545
0.5
0.5
0.5
0.52
0.4347826
0.4444444
0.5789474
0.5416667
0.5
0.5
0.5666667
0.4848485
0.5
0.5
0.5294118
0.5263158
0.4736842
0.4
0.7
0.3636364
0.5555556
0.6153846
0.4482759
0.5357143
0.6511628
0.2820513
0.5
0.4761905
0.5652174
0.4347826
0.5
0.5652174
0.5
0.3809524
0.5555556
0.5454545
0.5
0.5
0.5
0.52
0.4347826
0.4444444
0.5789474
0.5416667
0.48
0.52
0.5666667
0.4848485
0.5333333
0.4666667
0.5625
0.5263158
0.4736842
0.3571429
0.7222222
0.3809524
0.5555556
0.5652174
0.5
0.5357143
0.6511628
0.2631579
0.5238095
0.4210526
0.5789474
0.4761905
0.4736842
0.5909091
0.5
0.3809524
0.5555556
0.5454545
0.5
0.4545455
0.5454545
0.52
0.4347826
0.4444444
0.5789474
0.5416667
0.4347826
0.5652174
0.5666667
0.4848485
0.5
0.5
0.5294118
0.5263158
0.4736842
0.4
0.7
0.3636364
0.5555556
0.6153846
0.4285714
0.5
0.6923077
0.2894737
0.5
0.4761905
0.5652174
0.4347826
0.5
0.5652174
0.5
0.3809524
0.5294118
0.5714286
0.4782609
0.5217391
0.5
0.52
0.4347826
0.4444444
0.5555556
0.5652174
0.5
0.5
0.5517241
0.5
0.5333333
0.4666667
0.5
0.5882353
0.4444444
0.4285714
0.6470588
0.3888889
0.4615385
0.6842105
0.4583333
0.5769231
0.6511628
0.2631579
0.5238095
0.4210526
0.6
0.4545455
0.5
0.5454545
0.4545455
0.4444444
0.5555556
0.5238095
0.5217391
0.4545455
0.5238095
0.5416667
0.4347826
0.4444444
0.3846154
0.6666667
0.375
0.625
0.4736842
0.5909091
0.5
0.5
0.5294118
0.5
0.4
0.4
0.7647059
0.35
0.5
0.5625
0.5714286
0.3684211
0.6111111
0.45
0.5263158
0.5
0.5
0.5652174
0.5
0.3809524
0.5555556
0.5454545
0.5
0.5
0.5
0.52
0.4347826
0.4444444
0.5789474
0.5416667
0.5
0.5
0.5666667
0.46875
0.5
0.5
0.5294118
0.5263158
0.4736842
0.3571429
0.7368421
0.3636364
0.5555556
0.6153846
0.4482759
0.5185185
0.6666667
0.2820513
0.5
0.4761905
0.5454545
0.4545455
0.5
0.5652174
0.5
0.3809524
0.5555556
0.5454545
0.5
0.5
0.5
0.52
0.4347826
0.4444444
0.5789474
0.5416667
0.5
0.5
0.5666667
0.46875
0.5
0.5
0.5294118
0.5263158
0.4736842
0.4
0.7
0.3636364
0.5555556
0.5652174
0.48
0.5555556
0.6428571
0.2894737
0.5
0.45
0.5714286
0.4545455
0.5
0.5454545
0.52
0.3809524
0.4666667
0.6315789
0.5
0.4545455
0.5454545
0.52
0.4347826
0.4444444
0.5789474
0.5416667
0.4583333
0.5416667
0.5517241
0.483871
0.5
0.5
0.5294118
0.5
0.5
0.4
0.7
0.3636364
0.5555556
0.6153846
0.4482759
0.6829268
0.2820513
0.4761905
0.4736842
0.5714286
0.4545455
0.5
0.5652174
0.48
0.3684211
0.5882353
0.5454545
0.5
0.5
0.4782609
0.5416667
0.4347826
0.4444444
0.5789474
0.5416667
0.4347826
0.5652174
0.48
0.5
0.5
0.5
0.4444444
0.4285714
0.4
0.6
0.8235294
0.3333333
0.5333333
0.6190476
0.5
0.4347826
0.7142857
0.2857143
0.4736842
0.1
0.9
0.4
0.5
0.6470588
0.3888889
0.5
0.5625
0.4
0.5384615
0.5882353
0.5454545
0.3684211
0.4615385
0.5714286
0.3333333
0.5555556
0.6153846
0.5789474
0.2666667
0.5
0.5
0.5
0.8
0.5555556
0.4736842
0.3076923
0.7647059
0.2352941
0.6
0.6470588
0.4210526
0.6363636
0.65
0.2777778
0.5238095
0.2666667
0.7333333
0.4761905
0.5
0.5454545
0.52
0.35
0.5
0.5333333
0.4285714
0.6666667
0.4285714
0.5909091
0.4347826
0.4444444
0.5789474
0.5
0.5
0.4210526
0.3846154
0.5833333
0.7272727
0.2727273
0.7
0.5333333
0.5
0.3333333
0.7777778
0.3636364
0.5555556
0.6
0.4444444
0.52
0.6486486
0.2941176
0.5
0.4736842
0.5714286
0.4545455
0.5
0.5454545
0.52
0.3809524
0.5555556
0.375
0.6666667
0.4545455
0.5454545
0.52
0.4347826
0.4444444
0.5789474
0.5416667
0.48
0.52
0.5357143
0.516129
0.5833333
0.4166667
0.6428571
0.5263158
0.4444444
0.4285714
0.6842105
0.3809524
0.5294118
0.625
0.4444444
0.52
0.4090909
0.5
0.25
0.5
0.6666667
0.6
0.1
0.9230769
0.4782609
0.4210526
0.5555556
0.4444444
0.5294118
0.5263158
0.5238095
0.5416667
0.4347826
0.4444444
0.5789474
0.5
0.5
0.5416667
0.5517241
0.5
0.6
0.4
0.6923077
0.5263158
0.4736842
0.4
0.7
0.3636364
0.4666667
0.6818182
0.4444444
0.5555556
0.6428571
0.2702703
0.5
0.4736842
0.5714286
0.4545455
0.375
0.625
0.5652174
0.3157895
0.625
0.5454545
0.5
0.5
0.4545455
0.5454545
0.4545455
0.4117647
0.6111111
0.5416667
0.4583333
0.5217391
0.5
0.4
0.1428571
0.8571429
0.625
0.4117647
0.3
0.7692308
0.375
0.5384615
0.6111111
0.5217391
0.4
0.5294118
0.4705882
0.4666667
0.4166667
0.5454545
0.4
0.4285714
0.4
0.5
0.6
0.5714286
0.6363636
0.4166667
0.6153846
0.5555556
0.4736842
0.3571429
0.5833333
0.5625
0.5
0.55
0.5925926
0.4074074
0.5
0.5
0.5294118
0.5263158
0.4736842
0.4
0.7
0.3636364
0.5555556
0.6153846
0.4482759
0.5357143
0.6428571
0.2894737
0.5
0.4761905
0.5652174
0.4347826
0.5
0.5652174
0.5
0.3809524
0.5555556
0.5454545
0.5
0.5
0.5
0.52
0.4347826
0.4444444
0.5789474
0.5416667
0.5
0.5
0.5666667
0.4848485
0.5333333
0.4666667
0.4615385
0.5
0.5384615
0.3
0.5714286
0.6666667
0.5
0.6363636
0.44
0.56
0.6666667
0.2820513
0.4761905
0.4117647
0.6111111
0.4761905
0.4117647
0.6315789
0.52
0.3809524
0.5555556
0.5454545
0.4782609
0.4210526
0.5789474
0.5416667
0.4347826
0.4444444
0.5789474
0.5416667
0.4583333
0.5416667
0.5517241
0.4482759
0.5333333
0.4666667
0.5
0.5882353
0.4444444
0.3846154
0.7058824
0.4
0.5294118
0.64
0.4074074
0.5416667
0.5
0.4090909
0.55
0.4210526
0.6190476
0.4347826
0.5
0.5652174
0.5
0.3809524
0.5555556
0.5454545
0.5
0.5
0.5
0.52
0.4347826
0.4444444
0.5789474
0.5416667
0.5
0.5
0.5666667
0.4848485
0.4666667
0.5333333
0.5
0.5294118
0.5
0.3571429
0.7222222
0.3809524
0.5555556
0.6153846
0.3846154
0.5833333
0.6666667
0.2432432
0.5263158
0.4444444
0.5
0.5294118
0.5263158
0.5652174
0.4583333
0.3888889
0.5333333
0.6
0.5
0.5
0.4
0.6190476
0.4347826
0.4444444
0.5789474
0.5416667
0.5
0.5
0.5666667
0.4848485
0.5384615
0.4615385
0.6
0.4375
0.5625
0.3571429
0.5833333
0.5333333
0.5
0.6363636
0.4166667
0.6
0.6511628
0.2631579
0.5
0.4444444
0.5555556
0.4736842
0.4705882
0.5555556
0.5238095
0.3888889
0.5333333
0.5789474
0.5
0.45
0.55
0.5416667
0.4347826
0.4444444
0.5555556
0.5652174
0.48
0.52
0.5517241
0.483871
0.5
0.5
0.5294118
0.5263158
0.4736842
0.4
0.6842105
0.35
0.5625
0.5714286
0.52
0.5357143
0.6428571
0.25
0.5
0.5
0.4705882
0.5555556
0.5
0.5238095
0.5217391
0.3684211
0.5625
0.55
0.5217391
0.5
0.5
0.52
0.4347826
0.4444444
0.5789474
0.5416667
0.5
0.5
0.5517241
0.5
0.5384615
0.4615385
0.5714286
0.5555556
0.4736842
0.4
0.7
0.3636364
0.5294118
0.625
0.4642857
0.5357143
0.6341463
0.2571429
0.55
0.4761905
0.5652174
0.4347826
0.5
0.5652174
0.5
0.3809524
0.5555556
0.5454545
0.5
0.5
0.5
0.52
0.4347826
0.4444444
0.5789474
0.5416667
0.5
0.5
0.5666667
0.4848485
0.4666667
0.5333333
0.5294118
0.5263158
0.4736842
0.4
0.6842105
0.1333333
0.8181818
0.64
0.4482759
0.5185185
0.6666667
0.2820513
0.5
0.45
0.5263158
0.5
0.5
0.5652174
0.5
0.3809524
0.5555556
0.5454545
0.5
0.5
0.5
0.52
0.4347826
0.4444444
0.5789474
0.5416667
0.5
0.5
0.5666667
0.46875
0.5
0.5
0.5294118
0.5263158
0.4736842
0.4
0.7
0.3636364
0.5555556
0.6153846
0.4482759
0.5357143
0.6511628
0.2820513
0.5
0.4761905
0.5652174
0.4347826
0.5
0.5652174
0.5
0.3809524
0.5555556
0.5454545
0.5
0.5
0.5
0.52
0.4347826
0.4444444
0.5789474
0.5416667
0.5
0.5
0.5666667
0.4848485
0.4666667
0.5333333
0.5294118
0.5263158
0.4736842
0.4
0.7
0.3636364
0.5555556
0.6
0.4642857
0.5357143
0.6511628
0.2820513
0.5
0.4761905
0.5652174
0.4347826
0.5
0.5454545
0.52
0.3809524
0.5555556
0.5454545
0.5
0.5
0.5
0.52
0.4347826
0.4444444
0.5789474
0.5217391
0.4782609
0.5416667
0.5666667
0.4848485
0.5
0.5
0.4666667
0.5882353
0.4736842
0.3571429
0.7368421
0.3636364
0.5555556
0.6153846
0.4482759
0.5357143
0.6511628
0.2820513
0.5
0.4761905
0.5454545
0.4545455
0.5
0.5652174
0.5
0.3809524
0.5555556
0.5454545
0.5
0.4545455
0.5454545
0.52
0.4347826
0.4444444
0.5789474
0.5416667
0.48
0.52
0.5666667
0.4848485
0.5714286
0.4285714
0.5714286
0.5555556
0.4736842
0.3571429
0.7368421
0.3636364
0.5555556
0.6153846
0.4482759
0.5357143
0.6511628
0.2820513
0.4761905
0.5
0.5238095
0.4761905
0.4117647
0.5333333
0.6190476
0.3809524
0.5555556
0.5454545
0.4285714
0.5263158
0.5238095
0.5217391
0.3684211
0.5333333
0.5789474
0.5416667
0.4090909
0.5714286
0.5555556
0.5
0.5
0.5
0.5294118
0.5263158
0.4736842
0.4
0.6842105
0.3809524
0.5555556
0.6153846
0.4482759
0.5357143
0.6511628
0.2820513
0.5
0.4761905
0.5652174
0.4347826
0.5
0.5652174
0.5
0.3809524
0.5555556
0.5454545
0.5
0.5
0.5
0.52
0.4347826
0.4444444
0.5789474
0.5416667
0.5
0.5
0.5666667
0.4848485
0.5
0.5
0.5294118
0.5263158
0.4736842
0.4
0.7
0.3636364
0.5555556
0.6153846
0.4482759
0.5357143
0.6511628
0.2820513
0.5
0.4761905
0.5652174
0.4347826
0.5
0.5652174
0.5
0.3809524
0.5555556
0.5454545
0.5
0.5
0.5
0.52
0.4347826
0.4444444
0.5789474
0.5416667
0.5
0.5
0.5666667
0.4848485
0.5
0.5
0.5294118
0.5263158
0.4736842
0.4
0.7
0.3636364
0.5555556
0.6153846
0.4482759
0.5357143
0.6511628
0.2820513
0.5
0.4761905
0.5652174
0.4347826
0.5
0.5652174
0.5
0.3809524
0.5555556
0.5454545
0.5
0.5
0.5
0.52
0.4347826
0.4444444
0.5789474
0.5416667
0.5
0.5
0.5666667
0.4848485
0.5
0.5
0.5
0.5625
0.5
0.3076923
0.7777778
0.3636364
0.5555556
0.6
0.4642857
0.5357143
0.6511628
0.2820513
0.5
0.45
0.55
0.4761905
0.5
0.5652174
0.5
0.3809524
0.5555556
0.5238095
0.4210526
0.6
0.5
0.52
0.4347826
0.4444444
0.5789474
0.5
0.5416667
0.5
0.5517241
0.5
0.5333333
0.4666667
0.5333333
0.5555556
0.4444444
0.3333333
0.75
0.4
0.5294118
0.625
0.4444444
0.5555556
0.6428571
0.2894737
0.5
0.4761905
0.5652174
0.4347826
0.5
0.5652174
0.5
0.3809524
0.5555556
0.5454545
0.4285714
0.5714286
0.4782609
0.5416667
0.4347826
0.4444444
0.5789474
0.5416667
0.48
0.52
0.5666667
0.46875
0.5833333
0.4166667
0.6428571
0.4375
0.5
0.3
0.8
0.4
0.5555556
0.6153846
0.4482759
0.5357143
0.6428571
0.2894737
0.5
0.4761905
0.5454545
0.4545455
0.5
0.5652174
0.5
0.3809524
0.5555556
0.5454545
0.5
0.5
0.5
0.52
0.4347826
0.4444444
0.5789474
0.5416667
0.5
0.5
0.5666667
0.4848485
0.4666667
0.5333333
0.5294118
0.5263158
0.4736842
0.3571429
0.7368421
0.3636364
0.5555556
0.6
0.4642857
0.5357143
0.6511628
0.2820513
0.5
0.4761905
0.5652174
0.4347826
0.5
0.5652174
0.5
0.3809524
0.5555556
0.5454545
0.5
0.5
0.5
0.52
0.4347826
0.4444444
0.5789474
0.5416667
0.5
0.5
0.5666667
0.4848485
0.5333333
0.4666667
0.5333333
0.5555556
0.4444444
0.3333333
0.7777778
0.3636364
0.5294118
0.625
0.4642857
0.5357143
0.6511628
0.2631579
0.5238095
0.4761905
0.5238095
0.4761905
0.5
0.5652174
0.5
0.3809524
0.5294118
0.5714286
0.5
0.5
0.5
0.52
0.4347826
0.4444444
0.5789474
0.5416667
0.5
0.5
0.5666667
0.4848485
0.5
0.5
0.5294118
0.5263158
0.4736842
0.4
0.7
0.3636364
0.5555556
0.6153846
0.4482759
0.5357143
0.6511628
0.2820513
0.5
0.4761905
0.5652174
0.4347826
0.5
0.5652174
0.5
0.3809524
0.5555556
0.5454545
0.5
0.5
0.5
0.52
0.4347826
0.4444444
0.5789474
0.5416667
0.5
0.5
0.5666667
0.4848485
0.5
0.5
0.5294118
0.5263158
0.4736842
0.4
0.7
0.3636364
0.5555556
0.6153846
0.4285714
0.5555556
0.6511628
0.2820513
0.5
0.4761905
0.5652174
0.4347826
0.5
0.5652174
0.5
0.3809524
0.5555556
0.5454545
0.5
0.5
0.5
0.52
0.4347826
0.4444444
0.5789474
0.5217391
0.52
0.5
0.5666667
0.4848485
0.5
0.5
0.5294118
0.5263158
0.4736842
0.4
0.7
0.3636364
0.5555556
0.6153846
0.4482759
0.5357143
0.6511628
0.2820513
0.5
0.4761905
0.5652174
0.4347826
0.5
0.5652174
0.5
0.3809524
0.5555556
0.5454545
0.5
0.5
0.5
0.52
0.4347826
0.4444444
0.5789474
0.5416667
0.5
0.5
0.5666667
0.4848485
0.5
0.5
0.5294118
0.5263158
0.4736842
0.4
0.7
0.3636364
0.5555556
0.6153846
0.4482759
0.5357143
0.6511628
0.2631579
0.5238095
0.4761905
0.5652174
0.4347826
0.5
0.5454545
0.52
0.3809524
0.5555556
0.5454545
0.5
0.5
0.5
0.52
0.4347826
0.4444444
0.5789474
0.5416667
0.5
0.5
0.5666667
0.4848485
0.5
0.5
0.5294118
0.5263158
0.4736842
0.4
0.7
0.3333333
0.5882353
0.6153846
0.4482759
0.5357143
0.6511628
0.2820513
0.5
0.4761905
0.5652174
0.4347826
0.5
0.5652174
0.5
0.3809524
0.5555556
0.5454545
0.5
0.5
0.5
0.52
0.4347826
0.4444444
0.5789474
0.5416667
0.5
0.5
0.5666667
0.4848485
0.5
0.5
0.5294118
0.5263158
0.4736842
0.4
0.6666667
0.4
0.5555556
0.6153846
0.4482759
0.5357143
0.6511628
0.2820513
0.5
0.4761905
0.5652174
0.4347826
0.5
0.5652174
0.5
0.3809524
0.5555556
0.5454545
0.5
0.5
0.5
0.52
0.4347826
0.4444444
0.5789474
0.5416667
0.5
0.5
0.5666667
0.4848485
0.3913043
0.6086957
0.5172414
0.4230769
0.5
0.4761905
0.5652174
0.4347826
0.5
0.5652174
0.5
0.3809524
0.5555556
0.5454545
0.5
0.5
0.5
0.52
0.4347826
0.4444444
0.5789474
0.5416667
0.5
0.5
0.5666667
0.4848485
0.4375
0.5625
0.64
0.4482759
0.5357143
0.6511628
0.2820513
0.5
0.4761905
0.5652174
0.4347826
0.5
0.5652174
0.5
0.3809524
0.5555556
0.5454545
0.5
0.5
0.5
0.52
0.4347826
0.4444444
0.5789474
0.5416667
0.5
0.5
0.5666667
0.4848485
0.5
0.5
0.3809524
0.5555556
0.5454545
0.5
0.5
0.5
0.52
0.4347826
0.4444444
0.5789474
0.5416667
0.5
0.5
0.5666667
0.4848485
0.5
0.5
0.5294118
0.5263158
0.4736842
0.4
0.7
0.3636364
0.5555556
0.6153846
0.4482759
0.5357143
0.6511628
0.2820513
0.5
0.4761905
0.5652174
0.4347826
0.5
0.5652174
0.5
0.3809524
0.5555556
0.5454545
0.5
0.5
0.5
0.52
0.4347826
0.4444444
0.5789474
0.5416667
0.5
0.5
0.5666667
0.4848485
0.2222222
0.7777778
0.6585366
0.2894737
0.5
0.4761905
0.5652174
0.4347826
0.5
0.5652174
0.5
0.3809524
0.5555556
0.5454545
0.5
0.4545455
0.5454545
0.52
0.4347826
0.4444444
0.5789474
0.5416667
0.5
0.5
0.5666667
0.4848485
0.5
0.5
0.5294118
0.5263158
0.4736842
0.4
0.7
0.3636364
0.5555556
0.6153846
0.4482759
0.5357143
0.6511628
0.2820513
0.5
0.4761905
0.5652174
0.4347826
0.5
0.5652174
0.5
0.3809524
0.5555556
0.5454545
0.5
0.5
0.5
0.52
0.4347826
0.4444444
0.5789474
0.5416667
0.5
0.5
0.5666667
0.4848485
0.3846154
0.6153846
0.4482759
0.5357143
0.6511628
0.2820513
0.5
0.4761905
0.5652174
0.4347826
0.5
0.5652174
0.5
0.3809524
0.5555556
0.5454545
0.5
0.5
0.5
0.52
0.4347826
0.4444444
0.5789474
0.5416667
0.48
0.52
0.5666667
0.4848485
0.5
0.5
0.5294118
0.5263158
0.4736842
0.4
0.7
0.3636364
0.5
0.5
0.5
0.5555556
0.4444444
0.3846154
0.7368421
0.5
0.5
0.5294118
0.5263158
0.4444444
0.3846154
0.7222222
0.3809524
0.5555556
0.6
0.4642857
0.5357143
0.6428571
0.2894737
0.5
0.4761905
0.5652174
0.4347826
0.5
0.5652174
0.5
0.3809524
0.5555556
0.5454545
0.5
0.5
0.5
0.52
0.4347826
0.4444444
0.5789474
0.5416667
0.5
0.5
0.5666667
0.4848485
0.5
0.5
0.5294118
0.5263158
0.4736842
0.4
0.7
0.3636364
0.5555556
0.6153846
0.4482759
0.5357143
0.6511628
0.2820513
0.5
0.4761905
0.5652174
0.4347826
0.5
0.5652174
0.5
0.3809524
0.5555556
0.5454545
0.5
0.5
0.5
0.52
0.4347826
0.4444444
0.5789474
0.5416667
0.5
0.5
0.5666667
0.4848485
0.5
0.5
0.5
0.5555556
0.4444444
0.3846154
0.7222222
0.3809524
0.5294118
0.64
0.4285714
0.5555556
0.6511628
0.2820513
0.5
0.4761905
0.5652174
0.4347826
0.5
0.5652174
0.5
0.3809524
0.5555556
0.5454545
0.4545455
0.5454545
0.5
0.52
0.4347826
0.4444444
0.5789474
0.5416667
0.5
0.5
0.5666667
0.4848485
0.5
0.5
0.5
0.5555556
0.4444444
0.3846154
0.7368421
0.3636364
0.5555556
0.6
0.4642857
0.5357143
0.6511628
0.2820513
0.5
0.45
0.5909091
0.4347826
0.5
0.5652174
0.5
0.3809524
0.5555556
0.5454545
0.4782609
0.5217391
0.5
0.52
0.4347826
0.4444444
0.5789474
0.5416667
0.5
0.5
0.5666667
0.4848485
0.4814815
0.5185185
0.6666667
0.2820513
0.5
0.4761905
0.5652174
0.4347826
0.5
0.5652174
0.5
0.3809524
0.5555556
0.5454545
0.5
0.5
0.5
0.52
0.4347826
0.4444444
0.5789474
0.5416667
0.5
0.5
0.5666667
0.46875
0.5
0.5
0.5294118
0.5263158
0.4736842
0.4
0.7
0.3636364
0.5555556
0.6153846
0.4482759
0.5357143
0.6511628
0.2820513
0.5
0.4761905
0.5652174
0.4347826
0.5
0.5652174
0.5
0.3809524
0.5555556
0.5454545
0.5
0.5
0.5
0.52
0.4347826
0.4444444
0.5789474
0.5416667
0.5
0.5
0.5666667
0.4848485
0.375
0.625
0.4736842
0.55
0.5
0.4761905
0.5652174
0.4347826
0.5
0.5652174
0.5
0.3809524
0.5555556
0.5238095
0.5
0.5217391
0.4782609
0.5416667
0.4347826
0.4444444
0.5789474
0.5416667
0.5
0.5
0.5517241
0.5
0.5
0.5
0.5294118
0.5263158
0.4736842
0.3571429
0.7368421
0.3636364
0.5294118
0.64
0.4482759
0.5357143
0.6511628
0.2820513
0.5
0.4761905
0.5652174
0.4347826
0.5
0.5652174
0.5
0.3809524
0.5555556
0.5454545
0.5
0.5
0.5
0.52
0.4347826
0.4444444
0.5789474
0.5416667
0.48
0.52
0.5666667
0.4848485
0.4166667
0.5833333
0.5
0.4615385
0.5
0.4545455
0.7058824
0.3333333
0.625
0.4117647
0.6315789
0.5555556
0.6511628
0.2820513
0.45
0.4375
0.5625
0.5263158
0.4736842
0.5714286
0.52
0.3809524
0.5555556
0.5454545
0.4
0.5789474
0.5217391
0.52
0.4347826
0.4444444
0.5789474
0.5416667
0.48
0.52
0.5666667
0.4848485
0.4782609
0.5217391
0.5
0.5
0.52
0.4347826
0.4444444
0.5789474
0.5416667
0.5
0.5
0.5666667
0.4848485
0.4814815
0.5185185
0.6585366
0.2894737
0.5
0.4761905
0.5652174
0.4347826
0.5
0.5652174
0.5
0.3809524
0.5555556
0.5454545
0.5
0.5
0.5
0.52
0.4347826
0.4444444
0.5789474
0.3888889
0.6315789
0.52
0.5666667
0.4848485
0.5238095
0.4761905
0.5652174
0.6666667
0.2571429
0.55
0.45
0.5714286
0.4545455
0.5
0.5652174
0.5
0.3809524
0.5555556
0.5454545
0.5
0.5
0.5
0.52
0.3809524
0.5
0.5789474
0.5217391
0.52
0.5
0.5666667
0.4848485
0.5
0.5
0.5294118
0.5263158
0.4736842
0.4
0.7
0.3636364
0.5555556
0.09090909
0.8
0.7142857
0.5652174
0.5
0.3809524
0.5555556
0.5454545
0.4782609
0.4761905
0.4736842
0.55
0.4761905
0.4444444
0.5789474
0.5416667
0.4583333
0.4761905
0.5652174
0.5357143
0.6153846
0.3846154
0.6153846
0.75
0.25
0.5
0.4666667
0.4615385
0.6842105
0.5
0.3809524
0.4666667
0.6111111
0.4761905
0.5238095
0.5217391
0.52
0.4347826
0.4444444
0.5789474
0.5416667
0.5
0.5
0.5666667
0.46875
0.5185185
0.4814815
0.5357143
0.6511628
0.2820513
0.5
0.4761905
0.5652174
0.4347826
0.5
0.5652174
0.5
0.3809524
0.5555556
0.5454545
0.5
0.5
0.5
0.52
0.4347826
0.4444444
0.5789474
0.5416667
0.5
0.5
0.5666667
0.4848485
0.5
0.5
0.5294118
0.5263158
0.4736842
0.4
0.7
0.3636364
0.5555556
0.6153846
0.4482759
0.5357143
0.6511628
0.09677419
0.7857143
0.4761905
0.5652174
0.4347826
0.5
0.5652174
0.5
0.3809524
0.5555556
0.5454545
0.5
0.5
0.5
0.5
0.4545455
0.4444444
0.5789474
0.5416667
0.5
0.5
0.5666667
0.4848485
0.5
0.5
0.5333333
0.5294118
0.4705882
0.4285714
0.7
0.3636364
0.5294118
0.625
0.4642857
0.5357143
0.6511628
0.2820513
0.5
0.4761905
0.5652174
0.4347826
0.5
0.5652174
0.5
0.3809524
0.5555556
0.5454545
0.5
0.5
0.5
0.52
0.4347826
0.4444444
0.5789474
0.5416667
0.5
0.5
0.5666667
0.4848485
0.5
0.5
0.5
0.5555556
0.4736842
0.3571429
0.7222222
0.3809524
0.5555556
0.6
0.4642857
0.5357143
0.6511628
0.2820513
0.5
0.4761905
0.5454545
0.4545455
0.5
0.5652174
0.5
0.3809524
0.5555556
0.5454545
0.5
0.5
0.5
0.52
0.4347826
0.4444444
0.5789474
0.5416667
0.5
0.5
0.5666667
0.4848485
0.5555556
0.4444444
0.5555556
0.6428571
0.2894737
0.5
0.4761905
0.5652174
0.4347826
0.5
0.5
0.5454545
0.4
0.5294118
0.5714286
0.5
0.5
0.5
0.52
0.4347826
0.4444444
0.5789474
0.5217391
0.5
0.52
0.5357143
0.5
0.5454545
0.4545455
0.5833333
0.5333333
0.4666667
0.4166667
0.7058824
0.3684211
0.5625
0.625
0.4444444
0.5555556
0.6428571
0.2894737
0.5
0.4761905
0.5652174
0.4347826
0.5
0.5652174
0.5
0.3809524
0.5555556
0.5454545
0.5
0.5
0.5
0.52
0.4347826
0.4444444
0.5789474
0.5416667
0.5
0.5
0.5666667
0.4848485
0.5
0.5
0.5294118
0.5263158
0.4444444
0.3846154
0.7368421
0.3636364
0.5555556
0.6153846
0.4482759
0.5357143
0.6511628
0.2820513
0.5
0.45
0.5909091
0.4347826
0.5
0.5652174
0.5
0.3809524
0.5555556
0.5454545
0.5
0.5
0.5
0.52
0.4347826
0.4444444
0.5789474
0.5217391
0.52
0.5
0.5666667
0.4848485
0.3913043
0.6086957
0.4615385
0.5555556
0.625
0.3055556
0.4761905
0.5
0.5652174
0.4090909
0.5263158
0.5652174
0.5
0.3809524
0.5555556
0.5454545
0.5
0.5
0.5
0.52
0.4347826
0.4444444
0.5789474
0.5416667
0.5
0.5
0.5666667
0.4848485
0.3181818
0.6818182
0.4642857
0.5
0.675
0.2894737
0.5
0.4761905
0.5454545
0.4545455
0.5
0.5652174
0.5
0.3809524
0.5555556
0.5454545
0.5
0.5
0.5
0.52
0.4347826
0.4444444
0.5789474
0.5416667
0.5
0.5
0.5666667
0.4848485
0.4
0.6
0.4230769
0.5416667
0.6829268
0.2820513
0.5
0.4761905
0.5652174
0.4347826
0.5
0.5652174
0.5
0.3809524
0.5555556
0.5454545
0.5
0.5
0.5
0.52
0.4347826
0.4444444
0.5789474
0.5416667
0.5
0.5
0.5666667
0.4848485
0.5
0.5
0.5294118
0.5263158
0.4444444
0.3846154
0.7368421
0.3636364
0.5555556
0.6153846
0.4482759
0.5357143
0.6511628
0.2631579
0.5238095
0.4761905
0.5652174
0.4347826
0.5
0.5652174
0.5
0.3809524
0.5555556
0.5454545
0.4782609
0.5217391
0.5
0.52
0.4347826
0.4117647
0.6111111
0.5
0.5416667
0.5
0.5517241
0.4666667
0.5
0.5
0.5
0.5555556
0.4444444
0.3846154
0.7368421
0.3636364
0.5
0.6666667
0.4482759
0.5357143
0.6511628
0.2820513
0.5
0.4761905
0.5454545
0.4545455
0.5
0.5652174
0.48
0.4
0.5555556
0.5454545
0.5
0.4782609
0.5217391
0.52
0.4090909
0.4
0.6
0.5263158
0.4736842
0.5263158
0.5833333
0.5333333
0.4347826
0.5652174
0.5
0.675
0.2702703
0.5238095
0.4210526
0.5789474
0.4761905
0.5
0.5454545
0.4782609
0.4210526
0.5555556
0.5238095
0.5217391
0.4782609
0.5
0.5217391
0.4545455
0.4444444
0.5789474
0.5416667
0.48
0.52
0.5517241
0.5
0.3636364
0.6363636
0.65
0.2571429
0.5263158
0.4444444
0.6190476
0.4347826
0.5
0.5652174
0.4583333
0.3888889
0.5625
0.5714286
0.5
0.5
0.5
0.5
0.3684211
0.5
0.5882353
0.5454545
0.5
0.4782609
0.5769231
0.4827586
0.5714286
0.4285714
0.5
0.6666667
0.25
0.5294118
0.4375
0.5882353
0.5
0.4444444
0.6190476
0.48
0.4
0.5294118
0.55
0.4210526
0.6
0.5
0.52
0.3809524
0.4666667
0.5625
0.5263158
0.5
0.4444444
0.6521739
0.4444444
0.5
0.5
0.5294118
0.5263158
0.4736842
0.4
0.7
0.3636364
0.5555556
0.6153846
0.4482759
0.5357143
0.6511628
0.2820513
0.5
0.4761905
0.5652174
0.4347826
0.5
0.5652174
0.5
0.3809524
0.5555556
0.5454545
0.5
0.5
0.5
0.52
0.4347826
0.4444444
0.5789474
0.5416667
0.5
0.5
0.5666667
0.4848485
0.5
0.5
0.5294118
0.5263158
0.4736842
0.4
0.7
0.3636364
0.5555556
0.6153846
0.4482759
0.5357143
0.6511628
0.2820513
0.5
0.4761905
0.5652174
0.4347826
0.5
0.5652174
0.5
0.3809524
0.5555556
0.5454545
0.5
0.5
0.5
0.52
0.4090909
0.4705882
0.5789474
0.5416667
0.5
0.5
0.5666667
0.4848485
0.5
0.5
0.5294118
0.5263158
0.4736842
0.4
0.7
0.3636364
0.5555556
0.6153846
0.4482759
0.5357143
0.6511628
0.2820513
0.5
0.4761905
0.5652174
0.4347826
0.5
0.5652174
0.5
0.3809524
0.5555556
0.5454545
0.5
0.5
0.5
0.52
0.4347826
0.4444444
0.5789474
0.5416667
0.5
0.5
0.5666667
0.4848485
0.5
0.5
0.5294118
0.5263158
0.4736842
0.4
0.7
0.3636364
0.5555556
0.6153846
0.4482759
0.5357143
0.6511628
0.2820513
0.5
0.4761905
0.5652174
0.4347826
0.5
0.5652174
0.5
0.3809524
0.5555556
0.5454545
0.5
0.5
0.5
0.52
0.4347826
0.4444444
0.5789474
0.5416667
0.5
0.5
0.5666667
0.4848485
0.5
0.5
0.5294118
0.5263158
0.4736842
0.3571429
0.7368421
0.3636364
0.5555556
0.6153846
0.4482759
0.5357143
0.6511628
0.2631579
0.5238095
0.45
0.5909091
0.4347826
0.5
0.5652174
0.5
0.3809524
0.5555556
0.5454545
0.5
0.5
0.5
0.52
0.4347826
0.4444444
0.5789474
0.5416667
0.5
0.5
0.5666667
0.4848485
0.5
0.5
0.5294118
0.5263158
0.4117647
0.4615385
0.7
0.3636364
0.5555556
0.5238095
0.45
0.5714286
0.6756757
0.2857143
0.5
0.4736842
0.5714286
0.4545455
0.5
0.5454545
0.52
0.35
0.5625
0.5714286
0.4285714
0.5
0.5263158
0.5238095
0.4210526
0.5
0.5789474
0.5
0.5217391
0.52
0.5666667
0.4333333
0.4666667
0.5333333
0.4666667
0.5333333
0.4285714
0.4545455
0.7222222
0.4347826
0.5
0.375
0.6666667
0.07692308
0.8571429
0.3333333
0.75
0.3076923
0.6666667
0.1111111
0.9090909
0.4117647
0.2222222
0.8461538
0.45
0.1
0.5
0.875
0.5333333
0.4666667
0.5
0.5625
0.5
0.3571429
0.7058824
0.4
0.4285714
0.7
0.4615385
0.6756757
0.3055556
0.45
0.5263158
0.5
0.2307692
0.8125
0.35
0.5625
0.4705882
0.2
0.8461538
0.5
0.5416667
0.4090909
0.4
0.6470588
0.5
0.5
0.5416667
0.3809524
0.6190476
0.4166667
0.5833333
0.5625
0.5263158
0.4736842
0.3571429
0.5454545
0.5714286
0.5294118
0.5263158
0.4736842
0.4375
0.4166667
0.6428571
0.5
0.25
0.625
0.1666667
0.6666667
0.7142857
0.1666667
0.875
0.125
0.75
0.4
0.6
0.5714286
0.5555556
0.375
0.85
0.2608696
0.5333333
0.4666667
0.5
0.5
0.5625
0.3571429
0.6875
0.3888889
0.5625
0.625
0.375
0.4375
0.5
0.5882353
0.4117647
0.2222222
0.8181818
0.4
0.6470588
0.3888889
0.4615385
0.4545455
0.5
0.4444444
0.6666667
0.4285714
0.6842105
0.3809524
0.4666667
0.6111111
0.4210526
0.5
0.3333333
0.8
0.4482759
0.5
0.5
0.5294118
0.5
0.4705882
0.4285714
0.7
0.3636364
0.5294118
0.625
0.4444444
0.5555556
0.6428571
0.2702703
0.5238095
0.45
0.55
0.45
0.5263158
0.5652174
0.5
0.35
0.5882353
0.5454545
0.5
0.5
0.5
0.52
0.4090909
0.4705882
0.5555556
0.5652174
0.48
0.52
0.5666667
0.4848485
0.4666667
0.5333333
0.5294118
0.5
0.5
0.4
0.6842105
0.3809524
0.5
0.6363636
0.3913043
0.55
0.6857143
0.2727273
0.55
0.4761905
0.5652174
0.4347826
0.5
0.5454545
0.52
0.3809524
0.5555556
0.5238095
0.5217391
0.4782609
0.5217391
0.52
0.4347826
0.4444444
0.5789474
0.5416667
0.5
0.48
0.5714286
0.5
0.5
0.5
0.5294118
0.5263158
0.4444444
0.2727273
0.7857143
0.3529412
0.6
0.625
0.4444444
0.5555556
0.6511628
0.2820513
0.5
0.45
0.5909091
0.4347826
0.5
0.4736842
0.55
0.4210526
0.5555556
0.5238095
0.5
0.5
0.5217391
0.5
0.4545455
0.4444444
0.5789474
0.5217391
0.4782609
0.5217391
0.4545455
0.5652174
0.5
0.5
0.5
0.5294118
0.4705882
0.3333333
0.7333333
0.3888889
0.5882353
0.6
0.4642857
0.5357143
0.6428571
0.25
0.55
0.4210526
0.2727273
0.7692308
0.5454545
0.52
0.3157895
0.625
0.5454545
0.4782609
0.5217391
0.5
0.52
0.4347826
0.4444444
0.5789474
0.4761905
0.5454545
0.5
0.5862069
0.4516129
0.5
0.5
0.5294118
0.5263158
0.4736842
0.4
0.6666667
0.3684211
0.5625
0.64
0.4482759
0.5357143
0.6428571
0.2702703
0.5238095
0.4761905
0.5652174
0.35
0.4615385
0.6666667
0.5
0.4545455
0.5454545
0.52
0.35
0.5
0.6111111
0.5416667
0.48
0.5
0.3333333
0.6470588
0.5
0.5
0.5294118
0.5263158
0.4736842
0.4
0.6842105
0.3809524
0.5555556
0.6153846
0.4285714
0.5555556
0.6511628
0.2631579
0.5238095
0.4761905
0.5652174
0.4347826
0.4736842
0.55
0.5416667
0.3809524
0.4666667
0.5882353
0.4736842
0.5714286
0.4782609
0.3888889
0.5882353
0.4444444
0.5789474
0.5
0.4761905
0.5238095
0.6071429
0.4848485
0.5333333
0.4666667
0.5
0.5333333
0.4285714
0.4545455
0.7368421
0.3636364
0.5294118
0.6086957
0.44
0.56
0.6585366
0.2894737
0.5
0.4761905
0.5454545
0.4545455
0.5
0.5454545
0.52
0.3157895
0.625
0.5454545
0.5
0.4545455
0.5238095
0.5416667
0.4347826
0.4444444
0.5555556
0.5652174
0.4583333
0.5
0.6071429
0.46875
0.5
0.5
0.5294118
0.5263158
0.4736842
0.4
0.7
0.3636364
0.5294118
0.625
0.4444444
0.5555556
0.6511628
0.2820513
0.5
0.3125
0.7222222
0.4347826
0.5
0.5652174
0.5
0.3809524
0.5555556
0.5238095
0.5
0.5
0.5
0.5217391
0.4285714
0.4375
0.5882353
0.5454545
0.4782609
0.5
0.5769231
0.4
0.3333333
0.6666667
0.5294118
0.5263158
0.4736842
0.4
0.7
0.4166667
0.5652174
0.07142857
0.8888889
0.5789474
0.3888889
0.5
0.5882353
0.4444444
0.5555556
0.5454545
0.52
0.4347826
0.4117647
0.5882353
0.5454545
0.52
0.4347826
0.5238095
0.4761905
0.5714286
0.4285714
0.5714286
0.5294118
0.5
0.4
0.6842105
0.3809524
0.5
0.5789474
0.5217391
0.52
0.6285714
0.3333333
0.4761905
0.4736842
0.5263158
0.4736842
0.5263158
0.5454545
0.4545455
0.4444444
0.3846154
0.7058824
0.4285714
0.3571429
0.6666667
0.5454545
0.4285714
0.3571429
0.6666667
0.4736842
0.5263158
0.5
0.6153846
0.3846154
0.5
0.5
0.5294118
0.5263158
0.4736842
0.4
0.6842105
0.3809524
0.5294118
0.6086957
0.4615385
0.52
0.6829268
0.2820513
0.4761905
0.5
0.5454545
0.4545455
0.5
0.5652174
0.48
0.4
0.5555556
0.5454545
0.5
0.5
0.5
0.52
0.4090909
0.3076923
0.7142857
0.5
0.5
0.5238095
0.5769231
0.5
0.4666667
0.5333333
0.5294118
0.5263158
0.4736842
0.4
0.7
0.3636364
0.5555556
0.6
0.4642857
0.5357143
0.6511628
0.2820513
0.5
0.4761905
0.5652174
0.4347826
0.5
0.5652174
0.48
0.4
0.5555556
0.5238095
0.5217391
0.5
0.5
0.52
0.4090909
0.4705882
0.5789474
0.5416667
0.4583333
0.5416667
0.5666667
0.46875
0.5333333
0.4666667
0.5625
0.5
0.5
0.3076923
0.75
0.4
0.5
0.6666667
0.4285714
0.5555556
0.6511628
0.2631579
0.5238095
0.4761905
0.5454545
0.4285714
0.5
0.5714286
0.4782609
0.4210526
0.5294118
0.55
0.45
0.55
0.5217391
0.5
0.4285714
0.4705882
0.5294118
0.5909091
0.4583333
0.5217391
0.5384615
0.5172414
0.5
0.5
0.5294118
0.4705882
0.5294118
0.4
0.6666667
0.4
0.5294118
0.64
0.4482759
0.5357143
0.6341463
0.2777778
0.5238095
0.45
0.5909091
0.4347826
0.5
0.5652174
0.5
0.3809524
0.5555556
0.5454545
0.5
0.4545455
0.5454545
0.52
0.4090909
0.4705882
0.5789474
0.5217391
0.52
0.5
0.5517241
0.4074074
0.4285714
0.5714286
0.5294118
0.5263158
0.4736842
0.3571429
0.6666667
0.4444444
0.5555556
0.6153846
0.36
0.625
0.6428571
0.25
0.4375
0.5625
0.4705882
0.4666667
0.5333333
0.5789474
0.5416667
0.35
0.5
0.4615385
0.5384615
0.5
0.5625
0.5909091
0.3809524
0.4285714
0.5714286
0.4666667
0.6315789
0.2
0.8333333
0.4
0.4666667
0.5333333
0.5294118
0.5263158
0.4444444
0.4285714
0.7
0.3636364
0.5555556
0.4444444
0.5555556
0.375
0.6
0.5714286
0.3684211
0.4615385
0.6470588
0.45
0.5
0.3571429
0.6428571
0.4
0.4545455
0.1666667
0.9285714
0.4347826
0.5
0.5238095
0.5416667
0.5
0.5
0.5294118
0.5263158
0.4736842
0.4
0.7
0.3636364
0.5294118
0.5714286
0.5
0.6842105
0.2777778
0.4736842
0.5263158
0.5
0.375
0.4545455
0.5454545
0.1428571
0.6666667
0.3333333
0.8
0.6
0.4
0.6363636
0.125
0.9
0.25
0.7
0.5625
0.5263158
0.5
0.5833333
0.3333333
0.5
0.5
0.5294118
0.5263158
0.4444444
0.3333333
0.75
0.3684211
0.5
0.6111111
0.45
0.6086957
0.6216216
0.28125
0.5
0.4375
0.6111111
0.3529412
0.5714286
0.6190476
0.4347826
0.3333333
0.5
0.7058824
0.5
0.5
0.4545455
0.5238095
0.45
0.4375
0.5882353
0.5652174
0.48
0.4545455
0.6153846
0.4074074
0.5
0.5
0.6
0.5263158
0.4736842
0.4
0.6842105
0.2777778
0.2857143
0.7777778
0.5333333
0.1111111
0.8888889
0.4666667
0.5
0.4166667
0.5454545
0.5
0.6
0.4375
0.3
0.625
0.5833333
0.5625
0.1
0.9
0.5263158
0.2857143
0.5555556
0.6153846
0.4666667
0.5
0.4166667
0.5833333
0.2222222
0.5
0.5
0.5294118
0.5263158
0.4736842
0.4
0.6842105
0.3809524
0.5294118
0.6086957
0.4615385
0.5555556
0.6511628
0.2820513
0.45
0.3571429
0.6666667
0.5
0.5
0.5454545
0.4782609
0.4210526
0.5555556
0.4736842
0.55
0.5
0.4761905
0.5
0.5
0.4444444
0.5789474
0.5
0.45
0.5263158
0.6153846
0.3333333
0.4666667
0.5333333
0.5294118
0.5263158
0.4444444
0.4285714
0.7
0.3333333
0.5625
0.6086957
0.4814815
0.5357143
0.6511628
0.2820513
0.5
0.45
0.5714286
0.4545455
0.5
0.5652174
0.5
0.3809524
0.5555556
0.4736842
0.55
0.5217391
0.5
0.52
0.4347826
0.4444444
0.5294118
0.5263158
0.5238095
0.5416667
0.5517241
0.4666667
0.5
0.5
0.5294118
0.5263158
0.4736842
0.4
0.6842105
0.3809524
0.5294118
0.6086957
0.4615385
0.5555556
0.6341463
0.2972973
0.5
0.4761905
0.5454545
0.4545455
0.5
0.5652174
0.5
0.3809524
0.5555556
0.5
0.5238095
0.4761905
0.5
0.5652174
0.4090909
0.4705882
0.5789474
0.5416667
0.48
0.52
0.5666667
0.4516129
0.5
0.5
0.5294118
0.5263158
0.4736842
0.4
0.7
0.3636364
0.5294118
0.5909091
0.4090909
0.6086957
0.6410256
0.3055556
0.45
0.25
0.7692308
0.5
0.5454545
0.52
0.3809524
0.5
0.6
0.4
0.5555556
0.5454545
0.3333333
0.4
0.6666667
0.5
0.4666667
0.5882353
0.5652174
0.5517241
0.4285714
0.4285714
0.5714286
0.5294118
0.5263158
0.4736842
0.4
0.7
0.3333333
0.3636364
0.8
0.4482759
0.4090909
0.5263158
0.1666667
0.6666667
0.3333333
0.3333333
0.8571429
0.5384615
0.5333333
0.6190476
0.2777778
0.375
0.7272727
0.5
0.4666667
0.4615385
0.625
0.3333333
0.5454545
0.5714286
0.5789474
0.3529412
0.6666667
0.5
0.4666667
0.5333333
0.5294118
0.5263158
0.4444444
0.4285714
0.6842105
0.35
0.4615385
0.625
0.5
0.4444444
0.5555556
0.4444444
0.4666667
0.5
0.5882353
0.5652174
0.3809524
0.4666667
0.6111111
0.5416667
0.3809524
0.3333333
0.7777778
0.3
0.4615385
0.5384615
0.5
0.5625
0.4
0.4545455
0.6875
0.4210526
0.5
0.5789474
0.45
0.5263158
0.6969697
0.1785714
0.6153846
0.5555556
0.5238095
0.4761905
0.5
0.5652174
0.48
0.4
0.5555556
0.5454545
0.5
0.4285714
0.5
0.5909091
0.4347826
0.4444444
0.5789474
0.5416667
0.48
0.5
0.5714286
0.5
0.5
0.5
0.5294118
0.5263158
0.4444444
0.4285714
0.7
0.3636364
0.5555556
0.5652174
0.48
0.5384615
0.6585366
0.2702703
0.5238095
0.4761905
0.5454545
0.4545455
0.5
0.5454545
0.52
0.3809524
0.5555556
0.5454545
0.4285714
0.5714286
0.4545455
0.5454545
0.4545455
0.4117647
0.6111111
0.5416667
0.48
0.52
0.5666667
0.4848485
0.3125
0.6875
0.4761905
0.5
0.5238095
0.45
0.5714286
0.4545455
0.5
0.5652174
0.48
0.3684211
0.5882353
0.5238095
0.5217391
0.5
0.4782609
0.5416667
0.3157895
0.5384615
0.6111111
0.5416667
0.48
0.4545455
0.6153846
0.3333333
0.5
0.5
0.5
0.5555556
0.4736842
0.3571429
0.6875
0.3529412
0.5
0.7142857
0.375
0.5263158
0.5
0.5238095
0.4761905
0.4736842
0.5714286
0.4545455
0.5
0.5652174
0.4583333
0.3125
0.5833333
0.6111111
0.5
0.5217391
0.4782609
0.5217391
0.3684211
0.5333333
0.5789474
0.5416667
0.4583333
0.5217391
0.5862069
0.3703704
0.5
0.5
0.3333333
0.6
0.4545455
0.4444444
0.7333333
0.4210526
0.5294118
0.5
0.55
0.56
0.4814815
0.4347826
0.5238095
0.4761905
0.5652174
0.4347826
0.5
0.5652174
0.5
0.3809524
0.5555556
0.5454545
0.5
0.5
0.4782609
0.5416667
0.4090909
0.4705882
0.5789474
0.5416667
0.48
0.52
0.5666667
0.4848485
0.5
0.5
0.5294118
0.5263158
0.4736842
0.4
0.7
0.3333333
0.5625
0.6086957
0.4814815
0.5357143
0.6341463
0.2972973
0.4761905
0.4117647
0.6315789
0.4
0.5555556
0.5652174
0.5
0.3809524
0.5555556
0.5454545
0.5
0.5
0.4782609
0.5416667
0.4347826
0.4117647
0.6111111
0.5
0.5217391
0.52
0.5357143
0.4827586
0.5
0.5
0.5294118
0.5263158
0.4736842
0.4
0.6842105
0.3809524
0.5555556
0.6153846
0.4482759
0.5357143
0.6428571
0.2894737
0.4761905
0.4736842
0.5263158
0.4736842
0.3076923
0.7142857
0.5652174
0.3809524
0.5555556
0.5
0.5454545
0.5
0.4782609
0.5416667
0.4090909
0.4705882
0.5555556
0.5454545
0.52
0.5517241
0.5
0.5
0.5
0.5294118
0.5263158
0.4736842
0.4
0.7
0.3636364
0.5294118
0.55
0.5217391
0.5
0.6842105
0.2352941
0.5294118
0.4705882
0.4666667
0.5882353
0.4117647
0.6315789
0.4545455
0.2857143
0.6
0.6666667
0.5
0.4545455
0.5
0.5652174
0.35
0.4166667
0.6428571
0.55
0.45
0.5263158
0.5238095
0.56
0.3488372
0.6511628
0.2631579
0.5238095
0.4761905
0.5652174
0.4347826
0.5
0.5652174
0.48
0.4
0.5555556
0.5454545
0.5
0.5
0.5
0.52
0.4090909
0.4705882
0.5789474
0.5416667
0.5
0.5
0.5666667
0.4848485
0.4444444
0.5555556
0.6
0.4642857
0.5357143
0.5
0.4230769
0.5
0.4761905
0.5652174
0.4347826
0.5
0.5454545
0.52
0.3809524
0.5555556
0.5454545
0.4782609
0.5217391
0.5
0.5
0.3684211
0.5333333
0.5789474
0.5416667
0.4583333
0.5
0.6071429
0.4848485
0.4666667
0.5333333
0.5294118
0.5263158
0.4736842
0.4
0.6842105
0.3809524
0.5555556
0.5833333
0.4814815
0.5
0.675
0.2058824
0.5882353
0.4444444
0.2727273
0.7692308
0.2857143
0.7647059
0.5
0.3809524
0.5555556
0.4736842
0.5714286
0.4782609
0.5
0.5416667
0.4090909
0.4705882
0.5789474
0.45
0.5
0.5909091
0.5666667
0.4137931
0.5
0.5
0.5294118
0.5263158
0.4444444
0.4285714
0.7
0.3636364
0.5555556
0.6
0.4642857
0.5357143
0.6511628
0.2820513
0.5
0.4761905
0.5652174
0.4347826
0.5
0.5454545
0.52
0.3809524
0.5555556
0.4736842
0.5714286
0.4782609
0.5217391
0.52
0.4347826
0.4444444
0.5294118
0.5909091
0.48
0.4782609
0.6071429
0.4333333
0.5555556
0.4444444
0.6923077
0.5263158
0.4736842
0.4
0.6470588
0.3888889
0.5882353
0.6153846
0.4285714
0.5384615
0.6666667
0.2631579
0.5238095
0.4761905
0.5454545
0.4545455
0.2857143
0.7647059
0.35
0.3636364
0.5555556
0.6666667
0.5238095
0.5217391
0.5
0.52
0.4090909
0.3571429
0.6875
0.2666667
0.6363636
0.4166667
0.5833333
0.3
0.5
0.5
0.5
0.5294118
0.4375
0.4166667
0.7368421
0.3333333
0.5625
0.5909091
0.4347826
0.3333333
0.8
0.2
0.5454545
0.5
0.6
0.5
0.5263158
0.5
0.5652174
0.3809524
0.3846154
0.5454545
0.5384615
0.5
0.5333333
0.5555556
0.3333333
0.375
0.7
0.6111111
0.4210526
0.5
0.5789474
0.2666667
0.5
0.5
0.5833333
0.5625
0.4375
0.4166667
0.4444444
0.6
0.5384615
0.5882353
0.5454545
0.52
0.1333333
0.75
0.6
0.3076923
0.6363636
0.5882353
0.5238095
0.5217391
0.3333333
0.5384615
0.6315789
0.4
0.5555556
0.5238095
0.5416667
0.4090909
0.4705882
0.5
0.4285714
0.6
0.55
0.5769231
0.516129
0.5384615
0.4615385
0.5384615
0.5333333
0.5
0.3846154
0.7222222
0.35
0.5333333
0.6521739
0.4444444
0.52
0.6829268
0.2820513
0.5
0.45
0.5909091
0.4347826
0.5
0.5652174
0.5
0.3809524
0.5555556
0.5454545
0.5
0.5
0.5
0.5
0.4285714
0.4705882
0.5789474
0.5416667
0.48
0.52
0.5666667
0.4848485
0.7
0.3
0.4
0.6666667
0.5
0.5
0.7333333
0.3888889
0.5625
0.3076923
0.2
0.5
0.75
0.5
0.6666667
0.5384615
0.5625
0.4
0.4545455
0.1666667
0.75
0.25
0.5
0.6666667
0.6666667
0.6
0.4545455
0.6666667
0.5652174
0.1333333
0.8
0.5789474
0.4761905
0.5
0.5
0.5
0.5882353
0.4444444
0.4285714
0.7
0.3636364
0.5294118
0.5909091
0.4090909
0.5909091
0.675
0.2702703
0.5
0.5
0.5652174
0.3809524
0.5
0.6
0.52
0.35
0.5625
0.5714286
0.5
0.5
0.5
0.52
0.4347826
0.4444444
0.5789474
0.5416667
0.5
0.4583333
0.6071429
0.4516129
0.5
0.5
0.5294118
0.5
0.5
0.4
0.7
0.3333333
0.5882353
0.6153846
0.4482759
0.5357143
0.6511628
0.2820513
0.5
0.4761905
0.5652174
0.4347826
0.5
0.5652174
0.5
0.3809524
0.5555556
0.5454545
0.5
0.5
0.5
0.52
0.4347826
0.4117647
0.6111111
0.5416667
0.5
0.5
0.5517241
0.5
0.4666667
0.5333333
0.5294118
0.5
0.5
0.4
0.7
0.3333333
0.5625
0.5909091
0.5
0.5357143
0.6511628
0.2820513
0.5
0.4761905
0.5454545
0.4285714
0.5
0.5909091
0.5
0.3809524
0.5555556
0.4736842
0.5
0.5
0.5263158
0.5238095
0.4761905
0.4444444
0.5789474
0.5416667
0.5
0.48
0.5862069
0.4848485
0.5
0.5
0.5
0.5
0.5294118
0.4
0.7
0.3333333
0.5625
0.625
0.4642857
0.5357143
0.6511628
0.2432432
0.5263158
0.5
0.5652174
0.4347826
0.5
0.5652174
0.5
0.3809524
0.5555556
0.5454545
0.5
0.5
0.5
0.52
0.3809524
0.5
0.5789474
0.5217391
0.5
0.5
0.5714286
0.4666667
0.5
0.5
0.5
0.5555556
0.4444444
0.4285714
0.6842105
0.35
0.5
0.6956522
0.4482759
0.5185185
0.6666667
0.2820513
0.5
0.4761905
0.5652174
0.4347826
0.5
0.5652174
0.48
0.4
0.5555556
0.5454545
0.5
0.5
0.4782609
0.5416667
0.4347826
0.4444444
0.5555556
0.5238095
0.5416667
0.5
0.5666667
0.46875
0.5454545
0.4545455
0.5833333
0.4615385
0.5714286
0.5789474
0.4210526
0.5789474
0.5
0.5
0.5384615
0.5625
0.4705882
0.3846154
0.7222222
0.3809524
0.4666667
0.6818182
0.4230769
0.5769231
0.6511628
0.2432432
0.5263158
0.4736842
0.5909091
0.4090909
0.4705882
0.5555556
0.5652174
0.3809524
0.5555556
0.5454545
0.4782609
0.5217391
0.4545455
0.5454545
0.4545455
0.4444444
0.5555556
0.5454545
0.5
0.52
0.5357143
0.516129
0.5
0.5
0.5294118
0.5
0.5
0.4
0.7
0.3636364
0.5555556
0.6153846
0.4285714
0.5384615
0.6585366
0.2894737
0.45
0.5
0.5714286
0.4285714
0.5
0.5714286
0.4782609
0.3888889
0.5625
0.55
0.5
0.5
0.5
0.5217391
0.4285714
0.4375
0.5882353
0.5454545
0.5
0.5
0.5714286
0.483871
0.5
0.5
0.5294118
0.5
0.5
0.4
0.7
0.3636364
0.5555556
0.5652174
0.4583333
0.5217391
0.3684211
0.5625
0.4705882
0.5555556
0.5
0.5454545
0.5
0.4
0.5
0.5789474
0.5416667
0.5
0.5
0.5666667
0.46875
0.5
0.5
0.5294118
0.5263158
0.4736842
0.4
0.7
0.3636364
0.5294118
0.6086957
0.44
0.5416667
0.6829268
0.2631579
0.5
0.5
0.5652174
0.4347826
0.5
0.5652174
0.5
0.3809524
0.5555556
0.5454545
0.5
0.5
0.4782609
0.5416667
0.4347826
0.4444444
0.5789474
0.5416667
0.5
0.5
0.5666667
0.4848485
0.5333333
0.4666667
0.5625
0.5263158
0.4736842
0.4
0.7
0.3636364
0.5
0.6521739
0.4642857
0.5185185
0.6585366
0.2894737
0.4761905
0.4736842
0.55
0.45
0.5263158
0.5652174
0.5
0.3809524
0.5294118
0.5714286
0.5
0.5
0.5
0.52
0.4090909
0.4705882
0.5789474
0.5416667
0.5
0.5
0.5517241
0.5
0.4615385
0.5384615
0.5333333
0.5555556
0.4736842
0.4
0.6842105
0.3809524
0.5555556
0.5454545
0.3333333
0.7
0.6585366
0.2894737
0.45
0.5
0.5714286
0.4285714
0.5263158
0.5652174
0.5
0.3809524
0.5555556
0.5454545
0.5
0.5
0.5
0.5
0.4285714
0.4705882
0.5789474
0.5416667
0.5
0.48
0.5862069
0.46875
0.4666667
0.5333333
0.5294118
0.5263158
0.4736842
0.4
0.7
0.3333333
0.5882353
0.6153846
0.36
0.625
0.6428571
0.2894737
0.5
0.45
0.5714286
0.4285714
0.5263158
0.5652174
0.5
0.3809524
0.5294118
0.55
0.5
0.5217391
0.5
0.52
0.4347826
0.4444444
0.5789474
0.5416667
0.5
0.5
0.5666667
0.4848485
0.4166667
0.5833333
0.5625
0.5263158
0.4736842
0.3571429
0.7368421
0.3333333
0.5882353
0.6153846
0.4482759
0.5357143
0.6511628
0.2820513
0.5
0.4761905
0.5454545
0.4545455
0.5
0.5652174
0.48
0.4
0.5555556
0.5454545
0.4545455
0.5454545
0.5
0.52
0.4347826
0.4444444
0.5789474
0.5416667
0.5
0.48
0.5862069
0.4848485
0.5
0.5
0.5294118
0.5263158
0.4736842
0.4
0.6842105
0.3809524
0.5294118
0.6086957
0.44
0.5416667
0.675
0.2702703
0.5238095
0.45
0.55
0.45
0.4705882
0.6
0.5
0.4
0.5555556
0.5454545
0.5
0.5
0.5
0.5
0.4545455
0.4444444
0.5789474
0.5416667
0.5
0.5
0.5666667
0.4848485
0.5384615
0.4615385
0.5
0.5714286
0.4666667
0.4615385
0.7
0.3333333
0.4545455
0.5454545
0.4285714
0.55
0.4210526
0.4285714
0.5384615
0.4615385
0.5714286
0.5
0.4666667
0.5882353
0.5652174
0.3809524
0.5555556
0.5454545
0.5
0.5
0.4545455
0.5454545
0.4285714
0.4705882
0.5789474
0.5416667
0.48
0.52
0.5666667
0.4516129
0.5
0.5
0.5294118
0.5263158
0.4736842
0.4
0.6842105
0.5
0.5
0.5
0.5555556
0.4736842
0.4
0.7
0.3333333
0.5625
0.625
0.4444444
0.52
0.6666667
0.2777778
0.5
0.4736842
0.5909091
0.4090909
0.4705882
0.6190476
0.48
0.4
0.5555556
0.5454545
0.5
0.5
0.5
0.52
0.4347826
0.4444444
0.5789474
0.5416667
0.5
0.5
0.5666667
0.4848485
0.5
0.5
0.5
0.5294118
0.5
0.4
0.7
0.3636364
0.5294118
0.55
0.4210526
0.6363636
0.6585366
0.25
0.5263158
0.4736842
0.5909091
0.4347826
0.5
0.5652174
0.5
0.3809524
0.5555556
0.5454545
0.5
0.5
0.4782609
0.5416667
0.4347826
0.4444444
0.5789474
0.5416667
0.5
0.5
0.5666667
0.4848485
0.5
0.5
0.5
0.5555556
0.4444444
0.3846154
0.7222222
0.35
0.5882353
0.5454545
0.4285714
0.55
0.7027027
0.2352941
0.5555556
0.4444444
0.5789474
0.45
0.5
0.5909091
0.5
0.3809524
0.5555556
0.5454545
0.5
0.5
0.5
0.52
0.4347826
0.4444444
0.5789474
0.5416667
0.5
0.5
0.5357143
0.516129
0.5
0.5
0.5
0.5555556
0.4736842
0.4
0.7
0.3636364
0.5555556
0.5454545
0.4285714
0.55
0.7027027
0.2777778
0.5
0.4736842
0.5714286
0.4285714
0.5
0.5714286
0.4782609
0.4210526
0.5555556
0.5454545
0.5
0.5
0.5
0.52
0.4347826
0.4444444
0.5789474
0.5416667
0.5
0.5
0.5666667
0.4848485
0.4666667
0.5333333
0.5294118
0.5
0.5
0.4
0.7
0.3636364
0.5294118
0.55
0.45
0.5714286
0.6842105
0.2777778
0.5
0.4444444
0.5555556
0.4736842
0.4705882
0.6190476
0.5
0.3809524
0.5555556
0.4736842
0.5714286
0.5
0.5
0.52
0.4347826
0.4444444
0.5789474
0.5416667
0.5
0.5
0.5666667
0.46875
0.5333333
0.4666667
0.5333333
0.5555556
0.4444444
0.3846154
0.7368421
0.3333333
0.5625
0.625
0.4
0.6
0.6153846
0.3142857
0.45
0.4705882
0.4285714
0.4
0.6923077
0.4375
0.6111111
0.3888889
0.5625
0.5714286
0.4782609
0.5217391
0.5
0.52
0.4090909
0.4705882
0.5789474
0.5416667
0.4583333
0.45
0.64
0.4285714
0.5
0.5
0.7857143
0.1538462
0.5
0.8181818
0.25
0.7272727
0.4285714
0.4
0.6
0.6
0.4375
0.5333333
0.5555556
0.375
0.5384615
0.5882353
0.5454545
0.4285714
0.4375
0.5882353
0.4736842
0.55
0.4210526
0.6363636
0.3913043
0.4
0.6
0.8125
0.48
0.2941176
0.6153846
0.5294118
0.5909091
0.4090909
0.5263158
0.5652174
0.35
0.5882353
0.4736842
0.4375
0.6315789
0.5
0.52
0.4090909
0.4705882
0.5555556
0.5652174
0.4583333
0.5217391
0.5714286
0.483871
0.2727273
0.7272727
0.6363636
0.4814815
0.4347826
0.5238095
0.45
0.5263158
0.5238095
0.4761905
0.375
0.625
0.5454545
0.5
0.5
0.5
0.4782609
0.4761905
0.4444444
0.5789474
0.5416667
0.48
0.52
0.5666667
0.4333333
0.5238095
0.4761905
0.4736842
0.4705882
0.5
0.5555556
0.375
0.5714286
0.5
0.4285714
0.6
0.55
0.5
0.5217391
0.4285714
0.5714286
0.4285714
0.4375
0.6111111
0.5217391
0.52
0.4583333
0.5769231
0.4827586
0.5185185
0.4814815
0.5357143
0.6511628
0.2820513
0.5
0.45
0.55
0.4761905
0.4736842
0.5909091
0.5
0.3809524
0.5555556
0.5454545
0.5
0.5
0.5
0.52
0.4347826
0.4444444
0.5789474
0.5416667
0.5
0.5
0.5666667
0.46875
0.5
0.5
0.5
0.5555556
0.4444444
0.3846154
0.7222222
0.3809524
0.4666667
0.6818182
0.4642857
0.5185185
0.6666667
0.2820513
0.5
0.4761905
0.5652174
0.4347826
0.5
0.5652174
0.5
0.3809524
0.5294118
0.5714286
0.5
0.5
0.5
0.52
0.4347826
0.4444444
0.5789474
0.5416667
0.5
0.5
0.5666667
0.4848485
0.5
0.5
0.4666667
0.5333333
0.5
0.3846154
0.7368421
0.3333333
0.5882353
0.5454545
0.4782609
0.5416667
0.675
0.2894737
0.5
0.45
0.5263158
0.5
0.4736842
0.5909091
0.4583333
0.3125
0.6153846
0.4666667
0.5625
0.5
0.5
0.5263158
0.4117647
0.4615385
0.6
0.5263158
0.4736842
0.5263158
0.5833333
0.5
0.4
0.6
0.4782609
0.5
0.6944444
0.2424242
0.5294118
0.4375
0.5882353
0.4117647
0.5882353
0.5454545
0.5
0.3684211
0.5625
0.5263158
0.5238095
0.5217391
0.5
0.4782609
0.4761905
0.4444444
0.5555556
0.5652174
0.48
0.5
0.5555556
0.5
0.3846154
0.6153846
0.4482759
0.5357143
0.6511628
0.2820513
0.5
0.4761905
0.5652174
0.4347826
0.5
0.5652174
0.5
0.3809524
0.5555556
0.5454545
0.5
0.5
0.5
0.52
0.4347826
0.4444444
0.5789474
0.5
0.5416667
0.48
0.5862069
0.4848485
0.5
0.5
0.5294118
0.5263158
0.4736842
0.4
0.7
0.3636364
0.5555556
0.6153846
0.4482759
0.5357143
0.6511628
0.2820513
0.5
0.4761905
0.5652174
0.4347826
0.5
0.5652174
0.5
0.3809524
0.5555556
0.5454545
0.5
0.5
0.5
0.52
0.4347826
0.4444444
0.5789474
0.5416667
0.5
0.5
0.5666667
0.4848485
0.5
0.5
0.5294118
0.5263158
0.4736842
0.4
0.7
0.3636364
0.5294118
0.64
0.4482759
0.5357143
0.6511628
0.2820513
0.5
0.4761905
0.5652174
0.4347826
0.5
0.5652174
0.5
0.3809524
0.5555556
0.5454545
0.5
0.5
0.5
0.52
0.4347826
0.4444444
0.5789474
0.5416667
0.5
0.5
0.5666667
0.4848485
0.5
0.5
0.5
0.5625
0.4705882
0.4285714
0.6666667
0.4
0.5294118
0.625
0.4642857
0.5185185
0.5172414
0.4230769
0.4761905
0.5
0.5652174
0.4347826
0.4736842
0.55
0.5
0.3529412
0.625
0.5454545
0.4285714
0.5263158
0.5238095
0.5416667
0.4347826
0.4444444
0.5789474
0.5416667
0.5
0.5
0.5666667
0.4848485
0.5
0.5
0.5294118
0.5263158
0.4736842
0.4
0.7
0.3636364
0.5555556
0.6153846
0.4482759
0.5357143
0.6428571
0.2894737
0.5
0.4761905
0.5652174
0.4090909
0.5263158
0.5652174
0.5
0.3809524
0.5294118
0.5714286
0.5
0.5
0.5
0.52
0.4347826
0.4444444
0.5789474
0.5416667
0.5
0.5
0.5666667
0.4848485
0.5
0.5
0.5294118
0.5263158
0.4736842
0.3571429
0.6875
0.4210526
0.5555556
0.6153846
0.4482759
0.5357143
0.6511628
0.2432432
0.55
0.45
0.5909091
0.4347826
0.5
0.5652174
0.5
0.3809524
0.5555556
0.5454545
0.5
0.5
0.5
0.52
0.4347826
0.4444444
0.5789474
0.5416667
0.48
0.52
0.5666667
0.4848485
0.5
0.5
0.5294118
0.5263158
0.4736842
0.4
0.6
0.4705882
0.5
0.6363636
0.44
0.7179487
0.2820513
0.5
0.4761905
0.5652174
0.4347826
0.5
0.5652174
0.48
0.4
0.5555556
0.5238095
0.5217391
0.5
0.4782609
0.5416667
0.4090909
0.3076923
0.6923077
0.5909091
0.5
0.5
0.4347826
0.4117647
0.5
0.5
0.5294118
0.5263158
0.4736842
0.4
0.7
0.3636364
0.5555556
0.6153846
0.4482759
0.5357143
0.6511628
0.2820513
0.5
0.4761905
0.5652174
0.4347826
0.5
0.5652174
0.5
0.3809524
0.5555556
0.5454545
0.5
0.5
0.5
0.52
0.4347826
0.4444444
0.5789474
0.5416667
0.5
0.5
0.5666667
0.4848485
0.5
0.5
0.5294118
0.5263158
0.4444444
0.4285714
0.6666667
0.4
0.5555556
0.6153846
0.4482759
0.5357143
0.6428571
0.2702703
0.5238095
0.4210526
0.5789474
0.45
0.4705882
0.6
0.5
0.4
0.5555556
0.5
0.5
0.5238095
0.5
0.5416667
0.4347826
0.4444444
0.5789474
0.5416667
0.48
0.52
0.5666667
0.4848485
0.5
0.5
0.5294118
0.5263158
0.4736842
0.4
0.7
0.3636364
0.5555556
0.6
0.4642857
0.5185185
0.6585366
0.2894737
0.4761905
0.4736842
0.5714286
0.4545455
0.5
0.5454545
0.52
0.3809524
0.5555556
0.5454545
0.4782609
0.5217391
0.5
0.52
0.4347826
0.4444444
0.5789474
0.5416667
0.48
0.52
0.5666667
0.46875
0.5
0.5
0.5294118
0.4705882
0.5
0.3333333
0.75
0.3684211
0.5882353
0.6153846
0.4482759
0.5357143
0.6511628
0.2820513
0.5
0.4761905
0.5652174
0.4347826
0.5
0.5652174
0.5
0.3809524
0.5555556
0.5454545
0.5
0.5
0.5
0.52
0.4347826
0.4444444
0.5789474
0.5416667
0.5
0.5
0.5666667
0.4848485
0.5
0.5
0.5
0.5333333
0.4666667
0.3
0.75
0.3571429
0.6428571
0.55
0.56
0.44
0.5
0.45
0.5
0.5909091
0.5
0.3809524
0.5294118
0.5263158
0.5
0.5
0.5238095
0.5416667
0.4090909
0.4375
0.5625
0.5714286
0.5
0.5
0.5862069
0.46875
0.5
0.5
0.4666667
0.5333333
0.5
0.3846154
0.7368421
0.3333333
0.5882353
0.6
0.4
0.4736842
0.7272727
0.2727273
0.5263158
0.4736842
0.5909091
0.4347826
0.5
0.4736842
0.55
0.4210526
0.5294118
0.55
0.5217391
0.5
0.4545455
0.5454545
0.4285714
0.4375
0.6111111
0.5
0.5
0.5416667
0.5517241
0.5
0.5
0.5
0.4666667
0.5333333
0.5
0.3846154
0.7368421
0.3333333
0.5625
0.64
0.4482759
0.5
0.6666667
0.2571429
0.5
0.4705882
0.5789474
0.4761905
0.4736842
0.5714286
0.4285714
0.4705882
0.5294118
0.55
0.5217391
0.5
0.5
0.5
0.4545455
0.4117647
0.5625
0.5714286
0.4782609
0.5217391
0.5862069
0.4848485
0.5
0.5
0.5294118
0.5263158
0.4736842
0.4
0.7
0.3636364
0.5555556
0.6153846
0.4482759
0.5357143
0.6511628
0.2820513
0.5
0.4761905
0.5652174
0.4347826
0.5
0.5652174
0.5
0.3809524
0.5555556
0.5454545
0.5
0.5
0.5
0.52
0.4347826
0.4444444
0.5789474
0.5416667
0.5
0.5
0.5666667
0.4848485
0.5
0.5
0.5294118
0.4705882
0.5294118
0.3076923
0.7647059
0.3809524
0.5555556
0.6153846
0.4482759
0.5357143
0.6511628
0.2820513
0.5
0.4761905
0.5652174
0.4347826
0.5
0.5652174
0.5
0.3809524
0.5555556
0.5454545
0.5
0.5
0.5
0.52
0.4347826
0.4444444
0.5789474
0.5416667
0.5
0.5
0.5666667
0.4848485
0.4705882
0.5294118
0.5263158
0.4736842
0.4
0.7
0.3333333
0.5625
0.625
0.4444444
0.5384615
0.6666667
0.2820513
0.5
0.4761905
0.5652174
0.4347826
0.5
0.5652174
0.5
0.3809524
0.5555556
0.5454545
0.5
0.5
0.5
0.52
0.4347826
0.4444444
0.5789474
0.5416667
0.5
0.5
0.5666667
0.46875
0.5
0.5
0.5294118
0.5263158
0.4736842
0.4
0.7
0.3636364
0.5555556
0.6153846
0.4482759
0.5357143
0.6511628
0.2631579
0.5238095
0.4761905
0.5238095
0.4761905
0.5
0.5652174
0.5
0.3809524
0.5555556
0.5454545
0.5
0.5
0.4782609
0.5416667
0.4347826
0.4444444
0.5789474
0.5416667
0.5
0.5
0.5666667
0.4848485
0.5
0.5
0.5
0.5294118
0.4705882
0.4285714
0.7
0.3636364
0.5294118
0.64
0.4482759
0.5357143
0.6511628
0.2820513
0.5
0.4761905
0.5652174
0.4347826
0.5
0.5652174
0.5
0.3809524
0.5555556
0.5454545
0.5
0.5
0.5
0.52
0.4347826
0.4444444
0.5789474
0.5416667
0.5
0.5
0.5666667
0.4848485
0.4210526
0.5789474
0.3125
0.4444444
0.6666667
0.5
0.6
0.4
0.5789474
0.4210526
0.4285714
0.5714286
0.5789474
0.4761905
0.4736842
0.55
0.5
0.5
0.5
0.5294118
0.5263158
0.4736842
0.4
0.7
0.3636364
0.5555556
0.6153846
0.4482759
0.5357143
0.6511628
0.2820513
0.5
0.4761905
0.5652174
0.4347826
0.5
0.5652174
0.5
0.3809524
0.5555556
0.5454545
0.5
0.5
0.5
0.52
0.4347826
0.4444444
0.5789474
0.5416667
0.5
0.5
0.5666667
0.4848485
0.5
0.5
0.5
0.5294118
0.5
0.4
0.6470588
0.3888889
0.4615385
0.6666667
0.5
0.5384615
0.6666667
0.2222222
0.5789474
0.4210526
0.5555556
0.5
0.5
0.5652174
0.4583333
0.4210526
0.5555556
0.5238095
0.3125
0.6428571
0.55
0.5416667
0.4347826
0.4444444
0.5789474
0.5416667
0.48
0.52
0.5666667
0.4848485
0.5
0.5
0.5294118
0.5263158
0.4736842
0.4
0.7
0.3636364
0.5555556
0.6153846
0.4482759
0.5357143
0.6511628
0.2820513
0.5
0.4761905
0.5652174
0.4347826
0.5
0.5652174
0.5
0.3809524
0.5555556
0.5454545
0.5
0.4782609
0.5217391
0.52
0.4347826
0.4444444
0.5789474
0.5416667
0.5
0.5
0.5666667
0.4848485
0.5
0.5
0.5833333
0.4615385
0.5384615
0.4166667
0.7368421
0.3
0.5714286
0.6521739
0.1176471
0.8
0.7333333
0.3125
0.5238095
0.45
0.5263158
0.375
0.4545455
0.1666667
0.8571429
0.5714286
0.5789474
0.45
0.4375
0.4615385
0.625
0.5
0.4444444
0.3846154
0.7058824
0.4
0.6190476
0.4583333
0.5769231
0.7142857
0.2857143
0.7142857
0.6666667
0.4736842
0.3076923
0.7777778
0.3636364
0.4666667
0.5625
0.5
0.5909091
0.6829268
0.2820513
0.5
0.45
0.5714286
0.4285714
0.4705882
0.6190476
0.3809524
0.5
0.5555556
0.5454545
0.4285714
0.5263158
0.5238095
0.5416667
0.4347826
0.4444444
0.5789474
0.5416667
0.48
0.52
0.5666667
0.4848485
0.5
0.5
0.6666667
0.3333333
0.6666667
0.3333333
0.6666667
0.6
0.5
0.5714286
0.5
0.5
0.2
0.9
0.55
0.3888889
0.6111111
0.4210526
0.3846154
0.6666667
0.3333333
0.7272727
0.4285714
0.5714286
0.4285714
0.4545455
0.5454545
0.5
0.6842105
0.35
0.5333333
0.5294118
0.5909091
0.4090909
0.55
0.4761905
0.4117647
0.5
0.5
0.5294118
0.5
0.5
0.3076923
0.7777778
0.3636364
0.5555556
0.5833333
0.4615385
0.5555556
0.625
0.3055556
0.4761905
0.4444444
0.5555556
0.5
0.5
0.5238095
0.5416667
0.3809524
0.5555556
0.5454545
0.4285714
0.5263158
0.5
0.5652174
0.4347826
0.4444444
0.5555556
0.5238095
0.5217391
0.52
0.5517241
0.4666667
0.5555556
0.4444444
0.6923077
0.4705882
0.4285714
0.3333333
0.75
0.5263158
0.4444444
0.6
0.52
0.4347826
0.4444444
0.5294118
0.5909091
0.4347826
0.5454545
0.5
0.4545455
0.5882353
0.4117647
0.6315789
0.5
0.4
0.3333333
0.6923077
0.55
0.4761905
0.4736842
0.5263158
0.4117647
0.4166667
0.5454545
0.4545455
0.5454545
0.6842105
0.5357143
0.4642857
0.36
0.64
0.4482759
0.5357143
0.6428571
0.2894737
0.4761905
0.4117647
0.5625
0.5263158
0.4117647
0.5625
0.55
0.4210526
0.5555556
0.5
0.5238095
0.5217391
0.5
0.52
0.4347826
0.4444444
0.5789474
0.5416667
0.48
0.52
0.5517241
0.483871
0.25
0.75
0.4545455
0.375
0.7272727
0.5294118
0.4705882
0.5555556
0.5454545
0.4782609
0.5217391
0.5
0.5
0.4545455
0.4444444
0.5789474
0.5217391
0.4545455
0.5652174
0.48
0.4285714
0.3684211
0.6315789
0.52
0.6829268
0.2631579
0.5
0.4736842
0.5
0.5
0.5263158
0.5
0.5454545
0.4
0.5294118
0.5714286
0.4782609
0.5
0.5
0.5217391
0.4285714
0.4705882
0.5789474
0.5416667
0.4583333
0.5416667
0.5517241
0.4666667
0.3846154
0.6153846
0.5294118
0.5263158
0.4736842
0.4
0.6842105
0.3809524
0.5555556
0.6153846
0.36
0.625
0.6511628
0.2820513
0.5
0.4210526
0.5789474
0.4761905
0.4736842
0.5714286
0.52
0.3809524
0.5555556
0.5238095
0.45
0.5714286
0.4782609
0.5416667
0.4347826
0.4444444
0.5789474
0.5416667
0.4583333
0.5217391
0.5555556
0.4827586
