0.525
0.475
0.7304965
0.3795181
0.4568966
0.3205128
0.6621622
0.3378378
0.5454545
0.4736842
0.6896552
0.3617021
0.4925373
0.6206897
0.656051
0.4147727
0.3865546
0.4025974
0.5633803
0.5555556
0.5327103
0.4722222
0.4574468
0.6090909
0.6397849
0.456621
0.4764398
0.445122
0.4859155
0.5519481
0.5142857
0.5794393
0.4938776
0.4598214
0.5635593
0.5429553
0.485342
0.5033333
0.5016502
0.4983498
0.4810997
0.4871795
0.4615385
0.4242424
0.4615385
0.5034483
0.4671533
0.5151515
0.5436242
0.4774194
0.4931507
0.4705882
0.5151515
0.4962963
0.5073529
0.5208333
0.5033113
0.4864865
0.5068493
0.5542169
0.4619883
0.4903226
0.4722222
0.4962963
0.5037037
0.5036496
0.481203
0.5524476
0.4802632
0.5165563
0.5357143
0.5135135
0.4892473
0.5189873
0.4810127
0.7304965
0.3795181
0.4568966
0.3205128
0.6621622
0.3378378
0.5454545
0.4736842
0.6896552
0.3617021
0.4925373
0.6206897
0.656051
0.4180791
0.3833333
0.4025974
0.5633803
0.5555556
0.5327103
0.4722222
0.4631579
0.6036036
0.6397849
0.4615385
0.4715026
0.445122
0.4859155
0.5576923
0.5084746
0.5852535
0.4899598
0.4553571
0.5677966
0.5410959
0.485342
0.5033333
0.5065359
0.4983819
0.4832215
0.4801444
0.4615385
0.4242424
0.4649682
0.5
0.4671533
0.5151515
0.5436242
0.4774194
0.4931507
0.4705882
0.5151515
0.4962963
0.5073529
0.5208333
0.5033113
0.4794521
0.5172414
0.5508982
0.4619883
0.487013
0.4755245
0.5
0.5
0.5
0.4848485
0.5555556
0.4736842
0.52
0.5357143
0.5135135
0.4892473
0.4204545
0.5795455
0.4137931
0.6949153
0.508982
0.5990566
0.4816327
0.4511628
0.5745614
0.5236364
0.5034483
0.4965517
0.5102041
0.4983278
0.489726
0.4723247
0.4710744
0.43
0.4658385
0.4274809
0.5371901
0.5075758
0.5347222
0.4761905
0.4927536
0.46875
0.5121951
0.5116279
0.472
0.5530303
0.4859155
0.5
0.5035971
0.5652174
0.4647059
0.4697987
0.4814815
0.5038168
0.5
0.5037594
0.4806202
0.5507246
0.4609929
0.5422535
0.5246914
0.5224719
0.4861878
0.5128205
0.4871795
0.7054264
0.4090909
0.4568966
0.3205128
0.6621622
0.3378378
0.5454545
0.4736842
0.6896552
0.3478261
0.5076923
0.6206897
0.656051
0.4180791
0.3148148
0.4603175
0.5797101
0.5238095
0.5643564
0.3736264
0.5526316
0.5961538
0.6555556
0.4354067
0.488764
0.4528302
0.4857143
0.5405405
0.5266272
0.5860465
0.4898785
0.4423963
0.580786
0.5381944
0.4884488
0.5050167
0.5016502
0.5
0.4829932
0.4873646
0.46
0.425
0.4654088
0.4931507
0.4666667
0.5
0.556338
0.4662162
0.5035971
0.4488189
0.5365854
0.4961832
0.5038168
0.5251799
0.5034014
0.4896552
0.5069444
0.554878
0.4484848
0.5033557
0.471831
0.5
0.5
0.5073529
0.4772727
0.556338
0.4802632
0.5133333
0.5361446
0.5136612
0.4863388
0.3859649
0.6140351
0.7222222
0.3357664
0.5208333
0.3333333
0.6575342
0.3424658
0.5192308
0.4255319
0.7468354
0.3444444
0.515625
0.6071429
0.610687
0.4557823
0.3796296
0.3278689
0.5918367
0.6081081
0.4375
0.5454545
0.3731343
0.6753247
0.5968992
0.496732
0.4794521
0.4615385
0.4782609
0.3292683
0.7652174
0.5849057
0.4897119
0.3567568
0.6071429
0.4975369
0.5302326
0.5546875
0.472119
0.5330882
0.4609665
0.504
0.4592275
0.3850575
0.4806202
0.5193798
0.4765625
0.515873
0.5486111
0.4662162
0.448
0.5130435
0.5203252
0.483871
0.516129
0.5259259
0.4964539
0.4852941
0.5037594
0.5649351
0.4759036
0.4662162
0.4297521
0.5630252
0.4846154
0.5153846
0.3557692
0.606383
0.2875
0.7012987
0.5
0.5384615
0.4878049
0.5189873
0.4810127
0.7226277
0.3888889
0.4424779
0.3333333
0.6621622
0.3378378
0.537037
0.4821429
0.6896552
0.3617021
0.4925373
0.6206897
0.6538462
0.4035088
0.3611111
0.3809524
0.6129032
0.547619
0.5
0.4831461
0.4819277
0.5555556
0.6932515
0.4263959
0.4084507
0.5284553
0.484127
0.5704225
0.5178571
0.5297297
0.5148515
0.4825871
0.5764192
0.5416667
0.48
0.5051546
0.5067114
0.4846416
0.4836364
0.4844961
0.4588745
0.3727811
0.4056604
0.4415584
0.6344086
0.2625
0.6818182
0.4642857
0.5185185
0.6111111
0.5
0.5319149
0.5033113
0.4794521
0.5070423
0.5555556
0.4674556
0.4903226
0.4685315
0.4962406
0.5037594
0.5073529
0.481203
0.5555556
0.4771242
0.5165563
0.5329341
0.5082873
0.4972678
0.530303
0.469697
0.5633803
0.5555556
0.5238095
0.4811321
0.4516129
0.5961538
0.6593407
0.4570136
0.4450549
0.4527027
0.5037037
0.5555556
0.505814
0.5876777
0.4876033
0.4511628
0.5726872
0.5486111
0.4802632
0.4877193
0.5105634
0.5051195
0.465704
0.4734694
0.5
0.4257426
0.4658385
0.4932432
0.4671533
0.503876
0.5486111
0.4836601
0.4931507
0.4705882
0.5076923
0.4677419
0.5322581
0.5251799
0.5100671
0.4722222
0.5244755
0.5426829
0.4702381
0.4836601
0.4751773
0.4962406
0.5037594
0.5037037
0.4848485
0.5460993
0.4866667
0.5165563
0.5329341
0.5082873
0.4945055
0.5645161
0.4354839
0.55
0.5657895
0.5376344
0.5
0.4382022
0.5357143
0.6853147
0.492228
0.4411765
0.4755245
0.4848485
0.5761589
0.5056818
0.587963
0.4879032
0.454955
0.5702128
0.5395189
0.4801325
0.5034247
0.51
0.4967105
0.4846416
0.4892086
0.4603175
0.4257426
0.4658385
0.4680851
0.480315
0.519685
0.5416667
0.4765101
0.4892086
0.4645669
0.5241935
0.4196429
0.5688073
0.5373134
0.5034483
0.4822695
0.5
0.566879
0.4638554
0.4726027
0.4926471
0.5037037
0.46875
0.5348837
0.481203
0.5492958
0.472973
0.5238095
0.5217391
0.5116279
0.4634146
0.04166667
0.9583333
0.5053763
0.4197531
0.6222222
0.5942029
0.5287356
0.4712644
0.4459459
0.5111111
0.5576923
0.4882353
0.5990338
0.4854772
0.4608295
0.5708155
0.5413793
0.4623288
0.5229682
0.4825175
0.5191638
0.4879725
0.4855072
0.464
0.4257426
0.4658385
0.4966443
0.459854
0.05970149
0.9493671
0.4485294
0.512
0.496063
0.4878049
0.5238095
0.484375
0.5267176
0.4963504
0.5
0.5244755
0.5398773
0.4698795
0.4901961
0.4604317
0.5076923
0.5
0.5074627
0.4728682
0.5611511
0.4583333
0.5352113
0.5189873
0.508982
0.5
0.3614458
0.6385542
0.4175824
0.5064935
0.3606557
0.12
0.9285714
0.7346939
0.3647059
0.4876033
0.5083333
0.4649123
0.4591837
0.5263158
0.5098039
0.4526316
0.02272727
0.9833333
0.2236842
0.5277778
0.6545455
0.4626866
0.6770833
0.5038168
0.5448276
0.3629032
0.6017699
0.480916
0.2125
0.6046512
0.7111111
0.2098765
0.5952381
0.6621622
0.5663717
0.2727273
0.68
0.15
0.5078125
0.4921875
0.503937
0.2098765
0.5277778
0.8492063
0.4512821
0.5748792
0.5387597
0.2566845
0.3043478
0.8609272
0.5340502
0.4753521
0.3835616
0.5483871
0.2965517
0.5
0.5222222
0.5204082
0.5486726
0.4363636
0.5826087
0.4924242
0.4444444
0.5555556
0.5
0.488189
0.5338346
0.5103448
0.4714286
0.472
0.5755396
0.3984962
0.576
0.4461538
0.5322581
0.4677419
0.5396825
0.4645669
0.5496183
0.4893617
0.3893805
0.4567901
0.6574074
0.5266667
0.125
0.875
0.6153846
0.425641
0.6066351
0.4234234
0.5859031
0.5145985
0.4891304
0.4787645
0.4745763
0.4196891
0.4774194
0.4825175
0.4692308
0.487395
0.4313725
0.6140351
0.4927536
0.46875
0.516129
0.5
0.4796748
0.5461538
0.5103448
0.4788732
0.5107914
0.5136986
0.5065789
0.4761905
0.4814815
0.5
0.496124
0.5151515
0.4769231
0.5571429
0.4765101
0.5103448
0.5375
0.5195531
0.489011
0.6122449
0.3877551
0.8080808
0.4701987
0.6467662
0.5149254
0.4888889
0.4980989
0.4631148
0.4205128
0.4605263
0.5035461
0.4661654
0.4876033
0.1805556
0.7111111
0.5076923
0.4107143
0.6666667
0.4102564
0.05882353
0.971831
0.4888889
0.5074627
0.5107914
0.5328947
0.4375
0.5153846
0.4924242
0.5038168
0.4961832
0.5112782
0.4848485
0.5460993
0.4726027
0.5241379
0.5189873
0.5314286
0.4861878
0.5248227
0.4751773
0.5037037
0.5036496
0.6760563
0.5135135
0.4829932
0.4873646
0.4578313
0.43
0.358209
0.5714286
0.488
0.512
0.5428571
0.4758621
0.5
0.4566929
0.5284553
0.488189
0.3541667
0.5802469
0.6115702
0.4558824
0.5373134
0.5582822
0.4615385
0.4901961
0.4318182
0.5
0.544
0.4962963
0.4846154
0.55
0.4338235
0.5597015
0.522293
0.4875
0.5243902
0.2916667
0.7083333
0.7424242
0.7183908
0.465812
0.5067873
0.3913043
0.3454545
0.5869565
0.4705882
0.02040816
0.984127
0.1506849
0.8307692
0.5178571
0.4141414
0.3278689
0.5652174
0.35
0.4814815
0.35
0.5
0.5625
0.7954545
0.6391753
0.1733333
0.754717
0.5
0.5238095
0.5164835
0.4337349
0.5909091
0.5555556
0.5
0.5695364
0.4068966
0.5815603
0.5
0.5
0.7076923
0.4064516
0.4568966
0.3205128
0.6621622
0.3378378
0.5454545
0.4736842
0.6896552
0.3617021
0.4925373
0.6206897
0.656051
0.408046
0.3931624
0.4025974
0.5633803
0.5555556
0.5327103
0.4722222
0.4574468
0.6055046
0.6271186
0.4788732
0.4659686
0.4506173
0.4859155
0.5548387
0.5028902
0.5934579
0.4899598
0.4577778
0.5654008
0.5410959
0.485342
0.5033333
0.5032895
0.5016287
0.4832215
0.4857143
0.456
0.43
0.4625
0.5
0.4676259
0.5112782
0.5405405
0.4805195
0.4931507
0.4705882
0.5151515
0.4962963
0.5037037
0.5211268
0.5066667
0.4864865
0.5068493
0.5487805
0.4674556
0.4903226
0.4722222
0.5
0.5
0.5036496
0.481203
0.5555556
0.4771242
0.5165563
0.5357143
0.5135135
0.4892473
0.247191
0.752809
0.6683168
0.3835616
0.3823529
0.6770186
0.4930233
0.5092593
0.1911765
0.7678571
0.4304636
0.5185185
0.4615385
0.4827586
0.5820896
0.4657534
0.4848485
0.4621849
0.5089286
0.5128205
0.4230769
0.6173913
0.5136986
0.4827586
0.5035461
0.5617284
0.4484848
0.4637681
0.4920635
0.515625
0.4923077
0.5076923
0.472
0.562963
0.4758621
0.5140845
0.5290323
0.5119048
0.5113636
0.4647887
0.5352113
0.6724138
0.4135338
0.4387755
0.3484848
0.6666667
0.3521127
0.5192308
0.5
0.6896552
0.3617021
0.4925373
0.6206897
0.630137
0.4390244
0.3454545
0.4411765
0.5714286
0.5454545
0.5428571
0.4672897
0.382716
0.6666667
0.6352941
0.4832536
0.4540541
0.4545455
0.4067797
0.559633
0.5673759
0.6097561
0.4635193
0.4162162
0.6298077
0.4425532
0.5229358
0.5365854
0.5268817
0.5016949
0.4733096
0.4844961
0.470339
0.4278351
0.4353741
0.5259259
0.4409449
0.4814815
0.5272727
0.512605
0.519685
0.4590164
0.5333333
0.5
0.5
0.5151515
0.5277778
0.4864865
0.5102041
0.5454545
0.4674556
0.487013
0.4755245
0.5
0.5
0.5036496
0.481203
0.5524476
0.4802632
0.5165563
0.5357143
0.5081967
0.4945652
0.5211268
0.4788732
0.7213115
0.3070866
0.5357143
0.3181818
0.7
0.3287671
0.5
0.5294118
0.6860465
0.3444444
0.515625
0.6117647
0.6413793
0.3450704
0.4731183
0.2903226
0.64
0.5789474
0.5510204
0.4705882
0.4146341
0.6136364
0.6860465
0.4271845
0.4883721
0.4
0.5
0.3253012
0.7711864
0.57277
0.4895397
0.4583333
0.56
0.5116279
0.5018868
0.5128205
0.4982079
0.4945455
0.5142857
0.4666667
0.4521739
0.4468085
0.4716981
0.4863014
0.4409449
0.5294118
0.556338
0.4733333
0.4855072
0.3796296
0.5
0.6057692
0.4878049
0.5454545
0.5
0.4857143
0.4887218
0.5859873
0.4619883
0.4836601
0.4126984
0.5666667
0.4962963
0.5073529
0.481203
0.5492958
0.48
0.5135135
0.5365854
0.5164835
0.4918919
0.5070423
0.4929577
0.6728972
0.3394495
0.5647059
0.2835821
0.7164179
0.3333333
0.52
0.509434
0.6896552
0.3617021
0.4848485
0.6144578
0.625
0.4480519
0.3669725
0.3548387
0.6393443
0.5357143
0.4642857
0.5666667
0.3013699
0.6507937
0.6940299
0.5206186
0.4325843
0.4797297
0.4621212
0.5642857
0.5182927
0.5641026
0.4554455
0.4831461
0.6018519
0.5167286
0.5053381
0.4982332
0.5104167
0.4410646
0.5226337
0.4940239
0.3507853
0.5562914
0.3913043
0.5462185
0.3564356
0.6086957
0.5757576
0.4609929
0.5
0.4583333
0.5132743
0.5084746
0.4915254
0.5322581
0.5074627
0.5036496
0.5071429
0.5506329
0.4662577
0.4722222
0.4962963
0.4924242
0.5075758
0.5073529
0.4651163
0.5683453
0.462585
0.5310345
0.5304878
0.5166667
0.4945652
0.4714286
0.5285714
0.7153846
0.3921569
0.4059406
0.3787879
0.6621622
0.3378378
0.4897959
0.5294118
0.6785714
0.3736264
0.4237288
0.6031746
0.6910569
0.4217687
0.3608247
0.3965517
0.5208333
0.6153846
0.5604396
0.3780488
0.4918033
0.6629213
0.6424242
0.4479167
0.5028902
0.42
0.4615385
0.568
0.5590062
0.5566502
0.4541063
0.4973262
0.5753425
0.5367647
0.4948097
0.5119454
0.4983278
0.5
0.489726
0.4837545
0.4485597
0.4322917
0.4713376
0.4263566
0.5378151
0.503876
0.5390071
0.4328358
0.5166667
0.4789916
0.4864865
0.5344828
0.511811
0.488189
0.5441176
0.4861111
0.4964029
0.5576923
0.4759036
0.487013
0.4680851
0.5037594
0.5037037
0.5036496
0.4772727
0.5594406
0.4771242
0.5133333
0.5361446
0.510989
0.489011
0.5217391
0.4782609
0.6666667
0.3125
0.5890411
0.3676471
0.6428571
0.3478261
0.5555556
0.4736842
0.6860465
0.3516484
0.5076923
0.6162791
0.6442953
0.388535
0.4134615
0.4189189
0.5633803
0.5180723
0.4819277
0.4520548
0.4677419
0.6184211
0.7080745
0.4672897
0.4505495
0.4709677
0.4859155
0.5576923
0.5084746
0.5566502
0.5108225
0.4511628
0.5650224
0.5298507
0.4946619
0.5070922
0.4370079
0.5629921
0.4946996
0.4636015
0.4761905
0.4179894
0.4768212
0.5
0.4626866
0.504
0.4919355
0.4958678
0.4690265
0.4854369
0.5495495
0.4958678
0.5121951
0.5333333
0.5135135
0.4794521
0.5138889
0.5542169
0.4619883
0.487013
0.471831
0.5037037
0.5
0.5036496
0.481203
0.5555556
0.4771242
0.5133333
0.5389222
0.5135135
0.4836957
0.5
0.5
0.7272727
0.2671756
0.5731707
0.2166667
0.7903226
0.3378378
0.5
0.5192308
0.6785714
0.3736264
0.4848485
0.6235294
0.6513158
0.4277457
0.3333333
0.4558824
0.5373134
0.5443038
0.5113636
0.516129
0.4146341
0.6458333
0.6416185
0.4477612
0.4155844
0.5076923
0.4961832
0.5422535
0.5217391
0.6018957
0.4879032
0.4573991
0.5641026
0.5400697
0.4798658
0.5119454
0.5081967
0.4884488
0.4878893
0.4854015
0.4481328
0.1147541
0.8133333
0.5481481
0.4676259
0.5038168
0.5479452
0.4771242
0.4895105
0.4736842
0.5
0.5153846
0.5
0.5248227
0.5033557
0.4863014
0.5103448
0.5515152
0.4615385
0.4901961
0.471831
0.5
0.4962406
0.5074627
0.480916
0.5594406
0.4771242
0.5100671
0.5421687
0.5108696
0.4891304
0.5454545
0.4545455
0.7407407
0.378882
0.460177
0.3066667
0.6805556
0.3287671
0.5555556
0.4736842
0.6860465
0.3655914
0.4925373
0.6206897
0.6516129
0.4228571
0.3675214
0.4027778
0.5735294
0.5301205
0.5643564
0.4571429
0.3846154
0.6842105
0.6306818
0.453202
0.4556213
0.4761905
0.4927536
0.5612903
0.494186
0.5952381
0.4469027
0.4766839
0.5892857
0.5448276
0.4802632
0.5067568
0.4966443
0.5033557
0.4827586
0.4909091
0.4578313
0.4242424
0.4683544
0.4965986
0.4632353
0.5153846
0.5442177
0.4771242
0.4965517
0.4666667
0.519084
0.4962963
0.5073529
0.5140845
0.5034014
0.4931507
0.5068493
0.5487805
0.4674556
0.487013
0.471831
0.5037037
0.5
0.5036496
0.481203
0.5492958
0.48
0.5135135
0.5393939
0.5136612
0.4918919
0.5189873
0.4810127
0.7285714
0.3780488
0.4608696
0.3205128
0.6527778
0.3472222
0.5454545
0.4736842
0.6896552
0.3617021
0.4925373
0.6206897
0.6538462
0.4204545
0.3781513
0.4078947
0.5633803
0.5454545
0.5428571
0.4722222
0.4631579
0.6
0.6393443
0.4583333
0.4705882
0.4534161
0.4748201
0.5657895
0.497076
0.5990566
0.4899598
0.4577778
0.5635593
0.534965
0.4865772
0.5084746
0.5081967
0.4983819
0.4832215
0.4857143
0.4603175
0.4257426
0.4658385
0.4897959
0.4705882
0.5151515
0.5405405
0.4805195
0.4931507
0.4666667
0.5153846
0.5
0.5037037
0.5177305
0.5100671
0.4829932
0.5136986
0.5508982
0.4619883
0.4836601
0.4788732
0.4962963
0.5037037
0.5036496
0.4772727
0.55
0.4726027
0.5273973
0.5333333
0.5164835
0.4863388
0.28125
0.71875
0.5053763
0.4597701
0.6190476
0.6388889
0.4651163
0.4565217
0.4509804
0.448
0.6028369
0.5086705
0.588785
0.4898785
0.45
0.5416667
0.5714286
0.4851485
0.5067114
0.5
0.5016502
0.4812287
0.4891304
0.4621514
0.4257426
0.4658385
0.4932432
0.4671533
0.5114504
0.5472973
0.474026
0.4930556
0.4621212
0.512
0.5114504
0.4885496
0.5362319
0.5033557
0.4897959
0.5034483
0.5575758
0.4619883
0.4697987
0.4852941
0.5
0.4923077
0.518797
0.4732824
0.5633803
0.4736842
0.5167785
0.5276074
0.5195531
0.489011
0.05555556
0.9444444
0.5086705
0.5829384
0.4875
0.4454976
0.5784753
0.5291971
0.5
0.4982699
0.5085324
0.5049834
0.4492754
0.4655172
0.5178571
0.4257426
0.4658385
0.4966443
0.4676259
0.5112782
0.5436242
0.4774194
0.4676259
0.4921875
0.4919355
0.371134
0.4193548
0.6338028
0.6153846
0.4929577
0.5035461
0.5617284
0.4347826
0.4927536
0.4848485
0.4434783
0.4848485
0.5752212
0.484127
0.5642857
0.3969466
0.5806452
0.5231788
0.5297619
0.4971751
0.5333333
0.4666667
0.7244094
0.3907285
0.4732143
0.3205128
0.6575342
0.3424658
0.5454545
0.4736842
0.6860465
0.3586957
0.5
0.6206897
0.6275862
0.4382716
0.3364486
0.4285714
0.4255319
0.6226415
0.6162791
0.3908046
0.4925373
0.625
0.6764706
0.4221106
0.5116279
0.4285714
0.4677419
0.5944056
0.5170455
0.5787037
0.4918699
0.4598214
0.5654008
0.5410959
0.4836601
0.5016835
0.5049834
0.4983498
0.4828767
0.4872727
0.4596774
0.4271357
0.4654088
0.4965986
0.4632353
0.5153846
0.5472973
0.4671053
0.5
0.4661654
0.511811
0.5075758
0.5037037
0.5211268
0.5033557
0.4863014
0.5103448
0.5542169
0.4619883
0.4836601
0.4751773
0.5037037
0.5
0.5036496
0.4772727
0.5594406
0.4771242
0.5165563
0.5301205
0.5191257
0.4892473
0.5128205
0.4871795
0.703125
0.4117647
0.4375
0.3287671
0.6712329
0.3378378
0.537037
0.4821429
0.6896552
0.3478261
0.5
0.627907
0.64
0.4285714
0.3684211
0.4084507
0.5797101
0.5
0.5402299
0.5104167
0.4673913
0.6018519
0.6388889
0.4675926
0.4684211
0.447205
0.4893617
0.5576923
0.511236
0.5825688
0.48583
0.4594595
0.5603448
0.5486111
0.4819672
0.5067114
0.5065359
0.4983819
0.4814815
0.4856115
0.46
0.425
0.4551282
0.5069444
0.4632353
0.519084
0.5436242
0.4774194
0.4931507
0.4705882
0.5076923
0.5037594
0.5073529
0.5140845
0.5100671
0.4829932
0.5136986
0.5508982
0.4588235
0.4868421
0.4788732
0.5
0.5
0.5036496
0.481203
0.5555556
0.4736842
0.52
0.5329341
0.5163043
0.4892473
0.525
0.475
0.7304965
0.3795181
0.4568966
0.3205128
0.6621622
0.3378378
0.5454545
0.4736842
0.6896552
0.3617021
0.4925373
0.6206897
0.656051
0.4180791
0.3833333
0.4025974
0.5633803
0.5555556
0.5327103
0.4622642
0.4615385
0.6074766
0.6388889
0.4700461
0.4631579
0.4465409
0.4855072
0.5592105
0.5114943
0.5721154
0.5020921
0.4594595
0.5677966
0.5395189
0.4852459
0.5033557
0.5016611
0.5016502
0.4847458
0.4856115
0.46
0.4221106
0.4683544
0.4965986
0.4632353
0.519084
0.5405405
0.4771242
0.4965517
0.4705882
0.5151515
0.4962963
0.5073529
0.5208333
0.5033113
0.4864865
0.5102041
0.5508982
0.4588235
0.4935065
0.4685315
0.5037037
0.5
0.5036496
0.481203
0.5555556
0.4771242
0.5133333
0.5361446
0.5163043
0.4892473
0.5316456
0.4683544
0.729927
0.3333333
0.5145631
0.3205128
0.6621622
0.3378378
0.5283019
0.4909091
0.6896552
0.3478261
0.3846154
0.7222222
0.6388889
0.4424242
0.3363636
0.421875
0.557377
0.5903614
0.5377358
0.4622642
0.4555556
0.4057971
0.7113402
0.5548387
0.4591195
0.4632353
0.496
0.5664336
0.5149701
0.5804878
0.4826087
0.4739336
0.5412844
0.556391
0.4931507
0.5068493
0.5033557
0.5049505
0.4848485
0.4801444
0.4658635
0.4257426
0.4625
0.4751773
0.4924242
0.5112782
0.537415
0.4836601
0.4931507
0.4626866
0.5
0.5193798
0.5073529
0.5208333
0.5
0.4863014
0.4964539
0.5541401
0.4161074
0.5441176
0.4637681
0.5
0.5151515
0.5036496
0.4651163
0.5652174
0.4834437
0.5067568
0.537037
0.5166667
0.4624277
0.6031746
0.3968254
0.7619048
0.266055
0.6463415
0.3205128
0.6621622
0.3378378
0.5192308
0.4255319
0.7435897
0.3695652
0.4925373
0.6162791
0.6535948
0.408284
0.3551402
0.4153846
0.5645161
0.5783133
0.5384615
0.4563107
0.3733333
0.6853933
0.6369048
0.4216216
0.48
0.4586466
0.4830508
0.4770642
0.5666667
0.5496689
0.4503311
0.4471545
0.6232877
0.5645933
0.5123967
0.5098814
0.4439655
0.5672269
0.4767442
0.4652174
0.4568528
0.4886364
0.4487179
0.5070423
0.4461538
0.5322581
0.5251799
0.4859155
0.5
0.481203
0.5151515
0.4925373
0.5
0.5319149
0.5
0.4791667
0.5071429
0.5644172
0.4285714
0.5208333
0.4642857
0.5
0.5
0.5038168
0.4923077
0.5524476
0.4768212
0.5167785
0.5389222
0.4886364
0.5113636
0.525
0.475
0.7285714
0.3818182
0.4568966
0.3205128
0.6575342
0.3424658
0.5454545
0.4736842
0.6896552
0.3617021
0.4925373
0.6206897
0.656051
0.4180791
0.3833333
0.4025974
0.5633803
0.5402299
0.5436893
0.4563107
0.4835165
0.5925926
0.6521739
0.4570136
0.4540541
0.4545455
0.4656489
0.5547445
0.5220126
0.595122
0.4916667
0.4407583
0.5674419
0.5514706
0.471831
0.5073529
0.5088968
0.4856115
0.4787645
0.4811715
0.481982
0.4397906
0.4545455
0.5070423
0.4666667
0.519084
0.537415
0.4836601
0.4931507
0.4705882
0.503876
0.5075758
0.5037037
0.5244755
0.5033113
0.4794521
0.5172414
0.5508982
0.4619883
0.487013
0.4755245
0.5
0.5
0.5036496
0.4772727
0.5594406
0.4771242
0.5165563
0.5357143
0.5081967
0.4945652
0.525
0.475
0.7246377
0.378882
0.4649123
0.3116883
0.6712329
0.3378378
0.5454545
0.4736842
0.6896552
0.3617021
0.4925373
0.6206897
0.6447368
0.4302326
0.3833333
0.4025974
0.5633803
0.5505618
0.5377358
0.4722222
0.4516129
0.6146789
0.6378378
0.4636364
0.46875
0.4444444
0.4705882
0.5675676
0.5116279
0.5789474
0.4979253
0.4545455
0.5708155
0.5413793
0.4784053
0.5118644
0.5016502
0.5
0.4847458
0.4837545
0.4596774
0.4213198
0.4679487
0.4965517
0.4705882
0.5151515
0.5405405
0.4805195
0.4931507
0.4705882
0.5151515
0.4962963
0.5073529
0.5208333
0.5033113
0.4864865
0.5102041
0.5508982
0.4619883
0.4903226
0.4685315
0.5037037
0.5
0.5036496
0.481203
0.5555556
0.4771242
0.5165563
0.5357143
0.5135135
0.4892473
0.5454545
0.4545455
0.7426471
0.3841463
0.4521739
0.3066667
0.6760563
0.3424658
0.5454545
0.4545455
0.7058824
0.3617021
0.4925373
0.6162791
0.6490066
0.4201183
0.3931624
0.3783784
0.5820896
0.5465116
0.5480769
0.3870968
0.4929577
0.6568627
0.6277778
0.4744186
0.46875
0.4117647
0.5078125
0.5608108
0.4969697
0.5751295
0.5173913
0.456621
0.5454545
0.566787
0.4869281
0.4983165
0.5016835
0.4914676
0.4929577
0.4852941
0.4634146
0.4242424
0.4545455
0.5
0.469697
0.5230769
0.5436242
0.474026
0.4785714
0.4885496
0.5076923
0.5037594
0.5073529
0.5208333
0.4932432
0.4930556
0.5034965
0.5582822
0.4647059
0.487013
0.4680851
0.5
0.5074627
0.5036496
0.481203
0.5524476
0.4802632
0.5133333
0.5333333
0.5164835
0.4918919
0.525
0.475
0.7304965
0.3795181
0.4568966
0.3205128
0.6621622
0.3378378
0.5454545
0.4736842
0.6896552
0.3617021
0.4925373
0.6162791
0.6602564
0.4046243
0.3859649
0.3972603
0.5671642
0.5681818
0.5327103
0.4672897
0.4505495
0.6132075
0.640884
0.4654378
0.4712042
0.4478528
0.4822695
0.5466667
0.5232558
0.5852535
0.4899598
0.4577778
0.5654008
0.5410959
0.485342
0.5033333
0.5
0.5
0.4846416
0.4855072
0.4596774
0.4242424
0.4649682
0.5
0.4671533
0.5114504
0.5472973
0.4774194
0.4931507
0.4705882
0.5151515
0.4962963
0.5073529
0.5208333
0.5033113
0.4864865
0.5102041
0.5508982
0.4619883
0.487013
0.4755245
0.5
0.5
0.4848485
0.5
0.5555556
0.4771242
0.5165563
0.5329341
0.5163043
0.4892473
0.6382979
0.3617021
0.4925373
0.6206897
0.656051
0.4180791
0.3833333
0.3947368
0.5714286
0.5454545
0.5428571
0.4672897
0.4680851
0.6
0.6451613
0.4545455
0.4708995
0.4506173
0.4859155
0.5576923
0.511236
0.5825688
0.4899598
0.4577778
0.5654008
0.5395189
0.4869281
0.5033333
0.5065359
0.4983819
0.4832215
0.4857143
0.4603175
0.4257426
0.4658385
0.4932432
0.4671533
0.5151515
0.5436242
0.4774194
0.4931507
0.4705882
0.5151515
0.4962963
0.5073529
0.5208333
0.5033113
0.4864865
0.5102041
0.5508982
0.4619883
0.4903226
0.4722222
0.4962963
0.5037037
0.5036496
0.4772727
0.519084
0.5177305
0.5165563
0.5357143
0.5135135
0.4892473
0.5189873
0.4810127
0.7304965
0.3795181
0.4568966
0.3205128
0.6621622
0.3378378
0.5454545
0.4736842
0.6896552
0.3617021
0.4925373
0.6206897
0.656051
0.4180791
0.3833333
0.4025974
0.5633803
0.5555556
0.5327103
0.4722222
0.4574468
0.6090909
0.6417112
0.4594595
0.4715026
0.445122
0.4859155
0.5576923
0.511236
0.5825688
0.4899598
0.4577778
0.5654008
0.5410959
0.485342
0.5033333
0.5
0.5
0.4846416
0.4855072
0.4596774
0.4242424
0.4649682
0.5
0.4671533
0.5114504
0.5472973
0.474026
0.4965517
0.4705882
0.5151515
0.4962963
0.5073529
0.5174825
0.5066667
0.4864865
0.5102041
0.5508982
0.4619883
0.487013
0.4755245
0.5
0.4962963
0.5073529
0.481203
0.5555556
0.4771242
0.5133333
0.5361446
0.5136612
0.4918919
0.525
0.475
0.7304965
0.3757576
0.4608696
0.3205128
0.6621622
0.3378378
0.5454545
0.4736842
0.6896552
0.3617021
0.4925373
0.6206897
0.656051
0.4147727
0.3865546
0.4025974
0.5633803
0.5555556
0.5098039
0.4951456
0.4631579
0.6
0.6451613
0.4594595
0.4659686
0.4506173
0.4859155
0.5576923
0.511236
0.5825688
0.4899598
0.4577778
0.5654008
0.5395189
0.4869281
0.5033333
0.5016502
0.4983498
0.4846416
0.4855072
0.4596774
0.4242424
0.4649682
0.5
0.4671533
0.5151515
0.5436242
0.474026
0.4965517
0.4705882
0.5151515
0.4962963
0.5073529
0.5174825
0.5033557
0.4827586
0.5172414
0.5481928
0.4647059
0.4903226
0.4722222
0.5
0.5
0.5
0.480916
0.556338
0.4802632
0.5165563
0.5329341
0.5163043
0.4892473
0.52
0.48
0.7391304
0.3289474
0.4791667
0.3521127
0.6428571
0.3571429
0.4680851
0.5510204
0.6823529
0.3695652
0.4925373
0.6162791
0.6513158
0.4210526
0.3793103
0.4133333
0.5633803
0.5555556
0.5327103
0.4519231
0.4470588
0.6082474
0.6647727
0.4633028
0.4450549
0.474026
0.4859155
0.5576923
0.511236
0.5806452
0.4919355
0.4577778
0.5654008
0.5410959
0.4819672
0.5067114
0.5032895
0.5016287
0.4814815
0.4818841
0.4658635
0.4141414
0.4709677
0.5
0.4671533
0.5151515
0.5436242
0.4774194
0.4896552
0.4740741
0.5151515
0.4962963
0.5037037
0.5244755
0.5033113
0.4794521
0.5172414
0.5481928
0.4647059
0.487013
0.471831
0.5037037
0.5
0.5036496
0.481203
0.5555556
0.4771242
0.5133333
0.5361446
0.5163043
0.4892473
0.525
0.475
0.7304965
0.3795181
0.4568966
0.3205128
0.6527778
0.265625
0.6304348
0.3829787
0.7662338
0.3655914
0.46875
0.6052632
0.6805556
0.4166667
0.3965517
0.4025974
0.5633803
0.5454545
0.5384615
0.4766355
0.4574468
0.6055046
0.6432432
0.4516129
0.4759358
0.4506173
0.4822695
0.5555556
0.5142857
0.5852535
0.4899598
0.4577778
0.5654008
0.5395189
0.4852459
0.5033557
0.5016611
0.5
0.4810997
0.4814815
0.4628099
0.425641
0.4645161
0.5
0.4626866
0.515625
0.5448276
0.4802632
0.4965517
0.4666667
0.519084
0.4962963
0.5
0.528169
0.5033113
0.4829932
0.5136986
0.5508982
0.4588235
0.4935065
0.4722222
0.5
0.5
0.5036496
0.481203
0.5555556
0.4771242
0.5100671
0.5421687
0.5135135
0.4892473
0.5258621
0.4741379
0.5338983
0.5116279
0.5037594
0.4806202
0.515625
0.5
0.4923077
0.5151515
0.5107914
0.4892086
0.5107914
0.5506329
0.4493671
0.4928571
0.4772727
0.5
0.5116279
0.4961832
0.488189
0.5507246
0.4829932
0.5034965
0.55
0.5164835
0.4918919
0.5320513
0.4679487
0.5034014
0.4676259
0.5112782
0.5436242
0.4774194
0.4896552
0.4740741
0.5114504
0.5
0.5037037
0.5244755
0.5033113
0.4829932
0.5136986
0.5508982
0.4619883
0.4903226
0.4722222
0.5
0.5
0.5036496
0.4772727
0.5594406
0.4771242
0.5133333
0.5389222
0.5108696
0.4918919
0.4966887
0.5033113
0.4829932
0.5103448
0.5542169
0.4619883
0.487013
0.471831
0.5037037
0.4887218
0.5112782
0.4848485
0.5555556
0.4771242
0.5165563
0.5329341
0.510989
0.4918033
0.07692308
0.9230769
0.3617021
0.4925373
0.6162791
0.6369863
0.439759
0.3865546
0.369863
0.5970149
0.5348837
0.5533981
0.4466019
0.4831461
0.6055046
0.6413043
0.4485981
0.4810811
0.4506173
0.4785714
0.5649351
0.511236
0.5825688
0.4899598
0.4529148
0.5702128
0.5410959
0.485342
0.5033333
0.5016502
0.4983498
0.4846416
0.4855072
0.4596774
0.4242424
0.4649682
0.5
0.4632353
0.519084
0.5436242
0.474026
0.4965517
0.4705882
0.5151515
0.4962963
0.5073529
0.5208333
0.5033113
0.4864865
0.5102041
0.5508982
0.4619883
0.4903226
0.4722222
0.4962963
0.5037037
0.5036496
0.481203
0.5524476
0.4768212
0.5167785
0.5361446
0.5163043
0.4892473
0.308642
0.691358
0.5447154
0.5179856
0.4929577
0.4776119
0.5151515
0.4962963
0.5073529
0.5208333
0.5033113
0.4829932
0.5136986
0.5508982
0.4619883
0.4697987
0.4927536
0.4962963
0.5037037
0.5036496
0.481203
0.5555556
0.4771242
0.5133333
0.5361446
0.5136612
0.4918919
0.6344086
0.3655914
0.4925373
0.6206897
0.630137
0.3235294
0.4358974
0.4237288
0.6031746
0.4794521
0.6111111
0.4329897
0.4939759
0.5940594
0.6407186
0.4805825
0.4761905
0.4478528
0.4859155
0.5576923
0.5084746
0.5852535
0.4899598
0.4577778
0.5635593
0.5429553
0.485342
0.5033333
0.5065359
0.4983819
0.4832215
0.483871
0.4621514
0.4257426
0.4658385
0.4966443
0.4676259
0.5112782
0.5436242
0.474026
0.4965517
0.4705882
0.5151515
0.4962963
0.5073529
0.5071429
0.5136986
0.4897959
0.5102041
0.5508982
0.4619883
0.4903226
0.4722222
0.5
0.5
0.5036496
0.4772727
0.5531915
0.4834437
0.5165563
0.5357143
0.5135135
0.4892473
0.5
0.5
0.4671533
0.5114504
0.5472973
0.4774194
0.4931507
0.4705882
0.5151515
0.4962963
0.5073529
0.5140845
0.5100671
0.4829932
0.5136986
0.5508982
0.4619883
0.4903226
0.4722222
0.5
0.5
0.5036496
0.4772727
0.5594406
0.4701987
0.5234899
0.5357143
0.5135135
0.4892473
0.5521472
0.4478528
0.4859155
0.5576923
0.511236
0.5825688
0.4899598
0.4577778
0.5654008
0.5410959
0.485342
0.5033333
0.5016502
0.4899329
0.4895105
0.4890511
0.4596774
0.4242424
0.554878
0.445122
0.4859155
0.5548387
0.5141243
0.5806452
0.4898785
0.4573991
0.5659574
0.5413793
0.4869281
0.5016722
0.5016611
0.5
0.4846416
0.4855072
0.4596774
0.56
0.44
0.7555556
0.3818182
0.4521739
0.3246753
0.6621622
0.3378378
0.5454545
0.4736842
0.630137
0.425
0.4925373
0.6206897
0.656051
0.4180791
0.3833333
0.4025974
0.5633803
0.5555556
0.5327103
0.4722222
0.4631579
0.6
0.6451613
0.4570136
0.4712042
0.4478528
0.4859155
0.5576923
0.511236
0.5767442
0.4938776
0.4573991
0.5641026
0.5448276
0.485342
0.5033333
0.5016502
0.5
0.4812287
0.4816176
0.4609053
0.4196891
0.474026
0.4965517
0.4705882
0.5151515
0.537415
0.4802632
0.4965517
0.4705882
0.5151515
0.4962963
0.5073529
0.5208333
0.4966443
0.4896552
0.5136986
0.5481928
0.4647059
0.4903226
0.4722222
0.4962963
0.5037037
0.5036496
0.4772727
0.5594406
0.4771242
0.5133333
0.5389222
0.5108696
0.4918919
0.6382979
0.3617021
0.4925373
0.6206897
0.656051
0.4180791
0.3833333
0.4025974
0.5633803
0.5555556
0.5327103
0.4672897
0.4680851
0.6036036
0.6417112
0.4594595
0.4715026
0.445122
0.4859155
0.5576923
0.511236
0.5787037
0.4939271
0.4577778
0.5654008
0.5410959
0.485342
0.5033333
0.504918
0.5
0.4779661
0.4872727
0.4596774
0.4242424
0.4649682
0.5
0.4632353
0.519084
0.5436242
0.4774194
0.4931507
0.4705882
0.5151515
0.4925373
0.5111111
0.5208333
0.5033113
0.4864865
0.5102041
0.5508982
0.4619883
0.4903226
0.4722222
0.5
0.5
0.5036496
0.481203
0.5524476
0.4802632
0.5133333
0.5389222
0.5135135
0.4892473
0.125
0.875
0.4473684
0.4925373
0.6206897
0.6538462
0.4204545
0.3833333
0.4025974
0.5633803
0.5555556
0.5327103
0.4722222
0.4631579
0.6
0.6451613
0.4545455
0.4764398
0.4417178
0.4893617
0.5576923
0.511236
0.5806452
0.4919355
0.4577778
0.5654008
0.5410959
0.4836601
0.5050167
0.5
0.4983389
0.4809689
0.4851852
0.4541667
0.4293194
0.4569536
0.5071429
0.4701493
0.519084
0.5211268
0.4965986
0.4895105
0.4776119
0.5151515
0.4962963
0.4962406
0.5285714
0.5066667
0.4829932
0.5136986
0.5508982
0.4424242
0.5100671
0.4685315
0.5037037
0.5
0.5036496
0.481203
0.5555556
0.4771242
0.5165563
0.5357143
0.5135135
0.4892473
0.525
0.475
0.7304965
0.3757576
0.4561404
0.3246753
0.6621622
0.3378378
0.5454545
0.4736842
0.6896552
0.3617021
0.4925373
0.6206897
0.656051
0.4114286
0.3898305
0.4025974
0.5633803
0.5555556
0.5327103
0.4722222
0.4631579
0.6036036
0.6378378
0.4587156
0.4736842
0.4478528
0.4859155
0.5548387
0.5113636
0.5833333
0.4919355
0.4577778
0.5654008
0.5410959
0.4836601
0.5050167
0.5
0.5
0.4846416
0.4836364
0.4615385
0.4213198
0.4645161
0.4965035
0.4885496
0.5114504
0.5442177
0.4805195
0.4931507
0.4666667
0.519084
0.4962963
0.5073529
0.5174825
0.5066667
0.4829932
0.5136986
0.5508982
0.4588235
0.4935065
0.4722222
0.5
0.5
0.5036496
0.481203
0.5555556
0.4736842
0.52
0.5329341
0.5163043
0.4892473
0.5080645
0.4919355
0.5704225
0.474026
0.4965517
0.4705882
0.5151515
0.4962963
0.5073529
0.5208333
0.5033113
0.4864865
0.5102041
0.5454545
0.4674556
0.4903226
0.4722222
0.5
0.5
0.5036496
0.481203
0.5555556
0.4771242
0.5165563
0.5329341
0.5136612
0.4918919
0.6382979
0.3617021
0.4925373
0.6206897
0.656051
0.4180791
0.3833333
0.4025974
0.5633803
0.5505618
0.5377358
0.4722222
0.4631579
0.6
0.6451613
0.4594595
0.4715026
0.445122
0.4859155
0.5576923
0.511236
0.5825688
0.4899598
0.4577778
0.5654008
0.5410959
0.485342
0.5033333
0.5
0.5
0.4810997
0.4890511
0.4596774
0.4242424
0.4649682
0.5
0.4671533
0.5151515
0.5405405
0.4805195
0.4931507
0.4705882
0.5151515
0.4925373
0.5037594
0.528169
0.5033113
0.4829932
0.5103448
0.5542169
0.4619883
0.4903226
0.4722222
0.4848485
0.5151515
0.5036496
0.481203
0.5555556
0.4771242
0.5133333
0.5389222
0.5135135
0.4892473
0.02857143
0.9714286
0.5
0.3061224
0.8275862
0.4929577
0.4736842
0.519084
0.4925373
0.5111111
0.5106383
0.5135135
0.4864865
0.5102041
0.5426829
0.4638554
0.496732
0.4685315
0.5
0.5037037
0.5036496
0.481203
0.5555556
0.4771242
0.5165563
0.5329341
0.5163043
0.4892473
0.3611111
0.6388889
0.6034483
0.4444444
0.3488372
0.516129
0.862069
0.4680851
0.4322581
0.4924242
0.488189
0.5694444
0.508982
0.5478723
0.5186916
0.4688995
0.5663717
0.544484
0.46875
0.4962687
0.5163636
0.5202703
0.4779661
0.4854015
0.4615385
0.43
0.4625
0.4965986
0.4632353
0.519084
0.5436242
0.4705882
0.4965035
0.4740741
0.5151515
0.4962963
0.5037037
0.5244755
0.5033113
0.4829932
0.5136986
0.5454545
0.4674556
0.487013
0.4755245
0.5
0.5
0.5036496
0.4772727
0.556338
0.4768212
0.52
0.5329341
0.5163043
0.4892473
0.6382979
0.3617021
0.4925373
0.6206897
0.656051
0.4180791
0.362069
0.4
0.4615385
0.5636364
0.4038462
0.3636364
0.4285714
0.7
0.7640449
0.46875
0.53125
0.4285714
0.4269663
0.5957447
0.44
0.5111111
0.5306122
0.4901961
0.5934959
0.5
0.4965517
0.4893617
0.5140845
0.5
0.5989011
0.4953704
0.4880383
0.4486486
0.4645161
0.3513514
0.4935065
0.6
0.5681818
0.4680851
0.4677419
0.4867257
0.4954128
0.4
0.5324675
0.6306306
0.5070423
0.4705882
0.5223881
0.5652174
0.4347826
0.5172414
0.4680851
0.5074627
0.4925373
0.5111111
0.4772727
0.5531915
0.48
0.5167785
0.5389222
0.5108696
0.4891304
0.5125
0.4875
0.4935065
0.4685315
0.5037037
0.4962963
0.5073529
0.481203
0.5555556
0.4771242
0.5133333
0.5361446
0.5163043
0.4892473
0.4920635
0.5079365
0.5524476
0.4802632
0.4930556
0.4661654
0.515625
0.5
0.5074627
0.5244755
0.5
0.4791667
0.5174825
0.5515152
0.4647059
0.487013
0.471831
0.5037037
0.5
0.5036496
0.4732824
0.3608247
0.6728972
0.52
0.5329341
0.5163043
0.4892473
0.4533333
0.5466667
0.5980392
0.5547445
0.4758621
0.5
0.4732824
0.515625
0.5037594
0.5037037
0.5244755
0.5033113
0.4864865
0.5102041
0.5508982
0.4588235
0.4935065
0.4685315
0.5
0.4806202
0.5230769
0.480916
0.55
0.4866667
0.5165563
0.5329341
0.5163043
0.4892473
0.5128205
0.4871795
0.7285714
0.3780488
0.4608696
0.3205128
0.6621622
0.3378378
0.5454545
0.4736842
0.6896552
0.3478261
0.5076923
0.6206897
0.656051
0.4180791
0.3833333
0.4025974
0.5633803
0.5555556
0.5238095
0.4811321
0.4631579
0.6036036
0.6378378
0.4636364
0.46875
0.4478528
0.4859155
0.5576923
0.511236
0.5825688
0.4899598
0.4577778
0.5654008
0.5410959
0.485342
0.5033333
0.5032895
0.5016287
0.4797297
0.4892086
0.4581673
0.4278607
0.4658385
0.01315789
0.969697
0.6831683
0.5208333
0.5033113
0.4864865
0.5102041
0.5508982
0.4556213
0.4866667
0.4710145
0.5038168
0.5074627
0.5036496
0.4772727
0.5594406
0.4701987
0.5136986
0.5283019
0.5227273
0.4831461
0.02272727
0.9772727
0.3943662
0.5333333
0.6521739
0.5041322
0.4134615
0.4415584
0.5142857
0.6470588
0.5319149
0.4863014
0.4227642
0.6176471
0.4615385
0.5
0.4782609
0.5037594
0.5037037
0.5036496
0.4732824
0.5571429
0.4834437
0.5165563
0.5329341
0.5027933
0.5027624
0.4830508
0.5169492
0.519685
0.5416667
0.48
0.4965035
0.4740741
0.5114504
0.5
0.5
0.528169
0.5
0.4897959
0.5102041
0.5508982
0.4619883
0.487013
0.4755245
0.5
0.5
0.5036496
0.481203
0.5555556
0.4771242
0.5165563
0.5329341
0.5163043
0.4892473
0.525641
0.474359
0.7357143
0.3522013
0.4862385
0.3205128
0.6621622
0.3378378
0.5454545
0.4736842
0.6896552
0.3478261
0.5076923
0.6162791
0.6602564
0.4147727
0.3865546
0.3866667
0.5735294
0.5617978
0.5192308
0.4857143
0.4631579
0.6036036
0.6417112
0.4545455
0.4623656
0.4591195
0.4748201
0.56
0.52
0.5825688
0.4899598
0.4577778
0.5654008
0.5410959
0.485342
0.5033333
0.5
0.5
0.4846416
0.4855072
0.4596774
0.4242424
0.4649682
0.5
0.4671533
0.5151515
0.5436242
0.1473684
0.8372093
0.4705882
0.5151515
0.4962963
0.5073529
0.5208333
0.5033113
0.4794521
0.5172414
0.5508982
0.4619883
0.4903226
0.4722222
0.4887218
0.5112782
0.5
0.480916
0.5594406
0.4771242
0.5165563
0.5357143
0.5135135
0.4892473
0.5804598
0.4195402
0.3813559
0.4078947
0.4150943
0.6811594
0.5
0.5204082
0.4395604
0.6153846
0.6424581
0.4651163
0.4680851
0.4465409
0.4892086
0.5496689
0.5146199
0.5665025
0.5043103
0.453271
0.5669643
0.5496454
0.4833333
0.5034247
0.5116279
0.4814815
0.4929078
0.4927007
0.46
0.425
0.4620253
0.5
0.4710145
0.5112782
0.5436242
0.4774194
0.4931507
0.4705882
0.5151515
0.4962963
0.5073529
0.5208333
0.5033113
0.4864865
0.5102041
0.5454545
0.4674556
0.4903226
0.4722222
0.5
0.5
0.5036496
0.481203
0.5555556
0.4701987
0.5234899
0.5357143
0.5135135
0.4892473
0.6382979
0.3617021
0.4925373
0.6206897
0.656051
0.4180791
0.3675214
0.4189189
0.5633803
0.5555556
0.5327103
0.4722222
0.4631579
0.6
0.6451613
0.4570136
0.4739583
0.445122
0.4859155
0.5576923
0.511236
0.5806452
0.4898785
0.454955
0.5683761
0.5413793
0.4869281
0.5033333
0.4983389
0.5033113
0.4847458
0.4818841
0.4593496
0.4234694
0.4679487
0.4965517
0.4666667
0.5153846
0.5472973
0.4774194
0.4896552
0.4701493
0.5078125
0.5075758
0.5037037
0.5211268
0.5066667
0.4864865
0.5102041
0.5508982
0.4619883
0.487013
0.471831
0.5
0.5
0.446281
0.5423729
0.5555556
0.4771242
0.5165563
0.5329341
0.5163043
0.4892473
0.5384615
0.4615385
0.52
0.5390071
0.4722222
0.5036496
0.4692308
0.515873
0.496124
0.503876
0.5185185
0.5104895
0.4895105
0.4964029
0.56875
0.4647059
0.4903226
0.4722222
0.5
0.5
0.5036496
0.4772727
0.556338
0.4768212
0.5102041
0.537037
0.5139665
0.4917127
0.07692308
0.9230769
0.3617021
0.4925373
0.6206897
0.656051
0.4180791
0.3833333
0.4025974
0.5633803
0.5505618
0.5377358
0.4722222
0.4631579
0.6036036
0.6338798
0.4654378
0.4712042
0.4444444
0.4626866
0.5810811
0.5141243
0.5625
0.5021277
0.4511628
0.5650224
0.55
0.4866667
0.4965517
0.5102041
0.4966443
0.4751773
0.4943396
0.4609053
0.4226804
0.4675325
0.5
0.4586466
0.5234375
0.5442177
0.4771242
0.4965517
0.4666667
0.519084
0.4962963
0.5037037
0.5211268
0.5
0.4931507
0.5102041
0.5454545
0.4674556
0.4903226
0.4722222
0.5
0.4962963
0.5073529
0.481203
0.5555556
0.4771242
0.5133333
0.5361446
0.5163043
0.4892473
0.525
0.475
0.7285714
0.3818182
0.4521739
0.3246753
0.6621622
0.3378378
0.5454545
0.4736842
0.6896552
0.3617021
0.4925373
0.6206897
0.656051
0.4180791
0.3833333
0.4025974
0.5633803
0.5555556
0.5327103
0.4722222
0.4631579
0.6036036
0.6417112
0.4570136
0.4739583
0.445122
0.4859155
0.5576923
0.511236
0.5806452
0.4919355
0.4577778
0.5654008
0.5410959
0.485342
0.5033333
0.5
0.4983389
0.4845361
0.4835165
0.4634146
0.4242424
0.4580645
0.5069444
0.4671533
0.5151515
0.5436242
0.474026
0.4965517
0.4666667
0.519084
0.4925373
0.5074627
0.5177305
0.5100671
0.4829932
0.5103448
0.5542169
0.4588235
0.4935065
0.4722222
0.5
0.5
0.5036496
0.481203
0.5492958
0.4834437
0.5165563
0.5357143
0.5135135
0.478022
0.4651163
0.5348837
0.4609375
0.5203252
0.5428571
0.4864865
0.4965035
0.4740741
0.5151515
0.480916
0.5078125
0.5323741
0.5033557
0.4827586
0.5138889
0.5542169
0.4619883
0.4903226
0.4722222
0.5
0.5
0.5
0.480916
0.5594406
0.4771242
0.5165563
0.5357143
0.5135135
0.4892473
0.4656489
0.5343511
0.4573643
0.5203252
0.5151515
0.5036496
0.5035971
0.469697
0.515625
0.4961832
0.5075758
0.5214286
0.5100671
0.4758621
0.5208333
0.5508982
0.4619883
0.487013
0.4755245
0.4925373
0.5074627
0.5
0.4769231
0.5633803
0.4771242
0.5133333
0.5389222
0.5135135
0.4864865
0.5070423
0.4929577
0.453125
0.5
0.5797101
0.4771242
0.4965517
0.4705882
0.5151515
0.4925373
0.5
0.5319149
0.5033113
0.4864865
0.5102041
0.5508982
0.4619883
0.4903226
0.4722222
0.5
0.5
0.5036496
0.481203
0.5524476
0.4802632
0.5165563
0.5357143
0.5135135
0.4892473
0.525
0.475
0.7304965
0.3795181
0.4521739
0.3246753
0.6621622
0.3378378
0.5454545
0.4736842
0.6896552
0.3617021
0.4925373
0.6206897
0.656051
0.4180791
0.3833333
0.4025974
0.5633803
0.5505618
0.5377358
0.4722222
0.4631579
0.6
0.6451613
0.4470046
0.4840426
0.445122
0.4859155
0.5576923
0.5084746
0.5833333
0.4919355
0.4577778
0.5635593
0.5429553
0.485342
0.5016722
0.4983278
0.5033333
0.4846416
0.4836364
0.4615385
0.4271357
0.46875
0.4932432
0.4671533
0.5114504
0.5472973
0.474026
0.4965517
0.4705882
0.5114504
0.5
0.5073529
0.5208333
0.5033113
0.4829932
0.5069444
0.5575758
0.4556213
0.4934211
0.4680851
0.5037594
0.5037037
0.5
0.4848485
0.5294118
0.4965035
0.5103448
0.5460123
0.5055556
0.4972376
0.525
0.475
0.7285714
0.3818182
0.4521739
0.3246753
0.6621622
0.3378378
0.5454545
0.4736842
0.6896552
0.3617021
0.4925373
0.6206897
0.6538462
0.4204545
0.3833333
0.4025974
0.5633803
0.5555556
0.5327103
0.4722222
0.4631579
0.6
0.6451613
0.4392523
0.4777778
0.4556962
0.4820144
0.5649351
0.511236
0.5806452
0.4919355
0.4577778
0.5654008
0.5410959
0.485342
0.5033333
0.5
0.5
0.4846416
0.4836364
0.4615385
0.4242424
0.4042553
0.5546875
0.4701493
0.519084
0.5436242
0.474026
0.4965517
0.4705882
0.5076923
0.4961832
0.5
0.5289855
0.5067568
0.4827586
0.5138889
0.5515152
0.4615385
0.4901961
0.4680851
0.5
0.4923077
0.5076923
0.4634146
0.5681818
0.471831
0.5214286
0.5350318
0.5254237
0.4861878
0.03030303
0.969697
0.6631579
0.5078125
0.5486111
0.4662162
0.4963504
0.4769231
0.511811
0.5038168
0.5111111
0.5174825
0.5
0.4896552
0.5069444
0.5521472
0.4674556
0.4802632
0.4748201
0.4923077
0.5
0.5076923
0.4883721
0.55
0.4832215
0.5167785
0.5276074
0.5248619
0.4836957
0.4298246
0.5701754
0.5454545
0.4657534
0.4962963
0.4765625
0.519685
0.4961832
0.5038168
0.5285714
0.4788732
0.4848485
0.5294118
0.5609756
0.4588235
0.4868421
0.4788732
0.4887218
0.4196429
0.5840708
0.484375
0.5507246
0.4864865
0.5
0.5443038
0.5141243
0.4972376
0.01515152
0.9848485
0.4628099
0.5213675
0.5378788
0.4740741
0.5
0.4710744
0.5169492
0.5080645
0.4878049
0.5488722
0.4895105
0.5
0.5070423
0.5324675
0.4709677
0.5034014
0.4558824
0.511811
0.48
0.5121951
0.4836066
0.5461538
0.4892086
0.5107914
0.5506329
0.5084746
0.4886364
0.6382979
0.3617021
0.4925373
0.6206897
0.656051
0.4180791
0.3833333
0.4025974
0.5633803
0.5555556
0.5327103
0.4672897
0.4680851
0.5963303
0.6467391
0.4615385
0.46875
0.4478528
0.4859155
0.5576923
0.511236
0.5825688
0.4899598
0.4577778
0.5654008
0.5410959
0.485342
0.5033333
0.4983389
0.5
0.4863014
0.4855072
0.4596774
0.4242424
0.4649682
0.5
0.4671533
0.5151515
0.5436242
0.4774194
0.4931507
0.4705882
0.5151515
0.4962963
0.5073529
0.5208333
0.5033113
0.4864865
0.5102041
0.5508982
0.4619883
0.4903226
0.4722222
0.5
0.5
0.5036496
0.481203
0.5555556
0.4771242
0.5165563
0.5329341
0.5163043
0.4892473
0.3968254
0.6031746
0.7304965
0.3795181
0.4568966
0.3205128
0.6621622
0.3378378
0.5454545
0.4736842
0.6896552
0.3617021
0.4925373
0.6206897
0.656051
0.4147727
0.3813559
0.4078947
0.5633803
0.5555556
0.5327103
0.4672897
0.4680851
0.6036036
0.6417112
0.4594595
0.4715026
0.445122
0.4859155
0.5576923
0.511236
0.5825688
0.4899598
0.4577778
0.5635593
0.5413793
0.4869281
0.5033333
0.5016502
0.4983498
0.4846416
0.4855072
0.4596774
0.4213198
0.4679487
0.5
0.4671533
0.5151515
0.5436242
0.4774194
0.4931507
0.4705882
0.5151515
0.4962963
0.5073529
0.5208333
0.5033113
0.4864865
0.5102041
0.5508982
0.4619883
0.4903226
0.4722222
0.5
0.4962963
0.5073529
0.481203
0.5555556
0.4771242
0.5165563
0.5357143
0.5135135
0.4892473
0.5189873
0.4810127
0.7304965
0.3795181
0.4568966
0.3205128
0.6621622
0.3378378
0.5454545
0.4736842
0.6896552
0.3617021
0.4925373
0.6206897
0.656051
0.4147727
0.3865546
0.4025974
0.5633803
0.5555556
0.5327103
0.4722222
0.4631579
0.6036036
0.6417112
0.4594595
0.4715026
0.445122
0.4859155
0.5576923
0.511236
0.5825688
0.4899598
0.4577778
0.5654008
0.5410959
0.485342
0.5033333
0.5
0.5
0.4846416
0.4855072
0.4596774
0.4242424
0.4649682
0.5
0.4632353
0.519084
0.5244755
0.4966443
0.4931507
0.4705882
0.5151515
0.4962963
0.5073529
0.5174825
0.5066667
0.4829932
0.5136986
0.5481928
0.4647059
0.487013
0.4755245
0.5
0.5
0.5036496
0.481203
0.5555556
0.4771242
0.5133333
0.5389222
0.5135135
0.4892473
0.525
0.475
0.7304965
0.3757576
0.4608696
0.3205128
0.6621622
0.3378378
0.5454545
0.4736842
0.6896552
0.3617021
0.4925373
0.6206897
0.656051
0.4147727
0.3865546
0.4025974
0.5633803
0.5555556
0.5327103
0.4722222
0.4574468
0.6090909
0.6417112
0.4594595
0.4715026
0.445122
0.4859155
0.5519481
0.5170455
0.5787037
0.4939271
0.4577778
0.5654008
0.5410959
0.485342
0.5033333
0.5016502
0.4983498
0.4846416
0.4855072
0.4596774
0.4242424
0.4649682
0.5
0.4671533
0.5151515
0.5436242
0.4774194
0.4931507
0.4705882
0.5151515
0.4962963
0.5073529
0.5174825
0.5066667
0.4864865
0.5102041
0.5508982
0.4619883
0.487013
0.4755245
0.5
0.5
0.5036496
0.481203
0.5555556
0.4771242
0.5133333
0.5361446
0.5163043
0.4892473
0.440678
0.559322
0.7130435
0.3834586
0.5048544
0.2876712
0.6956522
0.3424658
0.4444444
0.5744681
0.6746988
0.3563218
0.515625
0.6162791
0.6513158
0.3653846
0.4356436
0.3802817
0.5909091
0.5617978
0.5238095
0.4811321
0.4269663
0.5308642
0.6906475
0.5102041
0.4708995
0.4367089
0.4963504
0.5555556
0.5170455
0.5806452
0.4836066
0.4587156
0.5726496
0.5410959
0.485342
0.5
0.5049834
0.4983498
0.4846416
0.4817518
0.4590164
0.4285714
0.4649682
0.5
0.4671533
0.5114504
0.5472973
0.4671053
0.5034965
0.4666667
0.5153846
0.5
0.5073529
0.5208333
0.5033113
0.4864865
0.5102041
0.5508982
0.4619883
0.487013
0.4755245
0.5
0.5
0.5036496
0.481203
0.5555556
0.4771242
0.5100671
0.5393939
0.5163043
0.4892473
0.32
0.68
0.8068182
0.5847953
0.5454545
0.4202899
0.5837321
0.4895397
0.5393701
0.5192982
0.5
0.4878893
0.5
0.4816176
0.4653061
0.4183673
0.4675325
0.4098361
0.537037
0.4867257
0.5634921
0.4740741
0.4018692
0.5742574
0.5284553
0.484127
0.5080645
0.5298507
0.5
0.4855072
0.5073529
0.5605096
0.4358974
0.4887218
0.484127
0.4830508
0.5086207
0.5203252
0.488
0.5378788
0.4964539
0.5104895
0.54375
0.4971098
0.5057471
0.1492537
0.8507463
0.547619
0.6387435
0.4895397
0.453271
0.5669643
0.5347985
0.4840989
0.5054152
0.4927536
0.5142857
0.4820144
0.4846154
0.4683544
0.3934426
0.4545455
0.2105263
0.8
0.01538462
0.9833333
0.2891566
0.76
0.3666667
0.5849057
0.01587302
0.9767442
0.4939759
0.3787879
0.7093023
0.487395
0.01694915
0.9375
0.0625
0.9861111
0.4817518
0.6090909
0.3909091
0.5865385
0.5878378
0.5837321
0.4916667
0.3917526
0.6237624
0.5153846
0.4826255
0.4834711
0.5551331
0.4930556
0.4982332
0.3869565
0.5594059
0.4021164
0.4328358
0.5284553
0.4921875
0.5078125
0.5185185
0.4776119
0.4796748
0.4158416
0.06666667
0.9565217
0.4961832
0.5
0.4491525
0.345679
0.7083333
0.4769231
0.5079365
0.4754098
0.5042735
0.5
0.5354331
0.5
0.5107914
0.387931
0.6511628
0.4362416
0.6440678
0.3559322
0.6181818
0.7571429
0.4078212
0.5133333
0.4031008
0.5555556
0.5486111
0.300885
0.7462687
0.3006993
0.622807
0.3486239
0.5730337
0.5714286
0.6714976
0.5190311
0.4845361
0.4928058
0.3045685
0.4871795
0.3595506
0.5362319
0.6021505
0.5172414
0.3939394
0.3709677
0.6891892
0.2916667
0.4324324
0.7866667
0.03278689
0.9090909
0.6825397
0.3676471
0.5901639
0.07692308
0.875
0.2758621
0.6923077
0.6326531
0.6075949
0.3239437
0.7909091
0.4423077
0.1976744
0.1818182
0.8181818
0.7906977
0.2765957
0.5
0.7868852
0.6307692
0.1546392
0.6938776
0.6666667
0.3267327
0.6162791
0.4803922
0.608
0.5978836
0.4669811
0.5263158
0.5528455
0.5072464
0.4331984
0.4976526
0.3872832
0.6747573
0.4832714
0.4298246
0.4431818
0.462069
0.4962406
0.45
0.3932584
0.2553191
0.8285714
0.01694915
0.9827586
0.24
0.704918
0.295082
0.75
0.5304348
0.440367
0.3684211
0.6315789
0.5428571
0.3214286
0.6197183
0.5925926
0.2808989
0.6666667
0.5412844
0.4215686
0.5425532
0.2816901
0.7979798
0.5123457
0.5174419
0.5568862
0.4431138
0.3508772
0.4202899
0.5671642
0.5581395
0.52
0.4901961
0.4680851
0.6
0.6393443
0.455814
0.4814815
0.4203822
0.4961832
0.5695364
0.4911243
0.6028708
0.4919355
0.4577778
0.5654008
0.5395189
0.4869281
0.5016722
0.5
0.4983278
0.4678571
0.5037879
0.4637097
0.4278607
0.4415584
0.5107914
0.4621212
0.5234375
0.537931
0.4179104
0.552
0.4566929
0.5166667
0.495935
0.512
0.5328467
0.5100671
0.4609929
0.5289855
0.5493827
0.4638554
0.4866667
0.4822695
0.4887218
0.4921875
0.519084
0.4603175
0.5735294
0.472973
0.5205479
0.5365854
0.5164835
0.4835165
0.5722543
0.4277457
0.362069
0.4
0.5882353
0.5505618
0.5288462
0.4811321
0.4516129
0.5280899
0.7044025
0.4741784
0.4540541
0.4649682
0.4785714
0.5649351
0.5
0.5876777
0.4897119
0.456621
0.5652174
0.5422535
0.4814815
0.510274
0.5098684
0.4967532
0.4848485
0.4820144
0.4574899
0.4292929
0.4585987
0.4857143
0.4645669
0.5163934
0.5467626
0.4758621
0.5106383
0.4705882
0.5114504
0.5
0.5037037
0.5177305
0.5034014
0.4896552
0.4964539
0.5597484
0.4670659
0.4834437
0.4748201
0.5037594
0.4962406
0.4883721
0.496
0.5602837
0.4802632
0.4965517
0.5294118
0.5317919
0.4917127
0.5902778
0.4097222
0.3854167
0.421875
0.55
0.5925926
0.5339806
0.4761905
0.4252874
0.5697674
0.69375
0.4477612
0.4857143
0.4256757
0.4919355
0.5447761
0.5521472
0.569378
0.4757709
0.4731707
0.5707965
0.5392857
0.4898649
0.5084746
0.5049505
0.4865772
0.4802867
0.4924242
0.4560669
0.4043716
0.4965986
0.4965517
0.4666667
0.5153846
0.5442177
0.4736842
0.4965035
0.4661654
0.515625
0.472
0.5083333
0.2823529
0.7241379
0.5227273
0.5071429
0.5034965
0.5102041
0.4863014
0.4779412
0.4583333
0.5528455
0.4962963
0.4806202
0.5230769
0.4603175
0.5538462
0.4705882
0.5761589
0.5
0.5473684
0.4526316
0.3857143
0.5909091
0.5617978
0.5192308
0.4857143
0.4516129
0.5757576
0.6666667
0.4647887
0.4469274
0.4736842
0.4705882
0.5733333
0.497076
0.575
0.5043103
0.455814
0.5701754
0.5470383
0.4869281
0.5016722
0.5
0.5
0.4845361
0.4699248
0.465812
0.4381443
0.4620253
0.4930556
0.4740741
0.5114504
0.5144928
0.3931624
0.5892857
0.4677419
0.3894737
0.6145833
0.5530303
0.5
0.3482143
0.6548673
0.5403727
0.462963
0.4932432
0.4710145
0.5
0.48
0.5275591
0.4806202
0.530303
0.5035461
0.5136986
0.5341615
0.5028902
0.5
0.6133333
0.3866667
0.4257426
0.358209
0.6
0.5714286
0.52
0.4639175
0.494382
0.5268817
0.662069
0.5102041
0.4623656
0.4556962
0.4666667
0.5594406
0.5266272
0.5721154
0.4978903
0.4611872
0.5608696
0.5204461
0.5138889
0.5033557
0.5081967
0.4967532
0.4813559
0.4836364
0.4267241
0.456044
0.461039
0.5034965
0.4626866
0.5193798
0.5314685
0.4609929
0.5185185
0.469697
0.01587302
0.9864865
0.416
0.5555556
0.5833333
0.4615385
0.462069
0.4962406
0.4923077
0.4074074
0.6036036
0.4846154
0.5594406
0.4736842
0.4965035
0.3238095
0.7017544
0.4482759
0.6012658
0.3987342
0.4
0.4166667
0.5714286
0.5402299
0.5392157
0.45
0.4767442
0.5858586
0.6666667
0.4678899
0.4659686
0.447205
0.4820144
0.5592105
0.505814
0.5837321
0.4916667
0.4511628
0.5688889
0.503876
0.5238095
0.5119454
0.5016611
0.5
0.4881356
0.4820144
0.4574899
0.4263959
0.4437086
0.5073529
0.4651163
0.53125
0.5342466
0.4693878
0.5071429
0.4701493
0.5153846
0.4596774
0.5086207
0.528
0.5217391
0.4857143
0.4471545
0.5864662
0.4693878
0.5140845
0.4671533
0.4285714
0.5862069
0.4962963
0.4724409
0.5488722
0.4748201
0.5074627
0.5612903
0.5084746
0.5
0.1016949
0.8983051
0.6602564
0.4180791
0.362069
0.4246575
0.5633803
0.5555556
0.5283019
0.4666667
0.3875
0.6395349
0.6764706
0.3947368
0.537037
0.4350649
0.5037037
0.5211268
0.4931507
0.6043956
0.5154185
0.4608295
0.5726496
0.5162455
0.5034722
0.5051195
0.4965986
0.4965517
0.483871
0.494382
0.4634146
0.43
0.4591195
0.4341085
0.5
0.5371901
0.5422535
0.4615385
0.5074627
0.4728682
0.504065
0.5079365
0.4621849
0.5669291
0.4965035
0.3983051
0.6115702
0.5487805
0.4610778
0.4689655
0.4728682
0.515873
0.488189
0.511811
0.48
0.5714286
0.4666667
0.4776119
0.5704698
0.5224719
0.3630137
0.5486111
0.4513889
0.3925234
0.3333333
0.6440678
0.5581395
0.5384615
0.4563107
0.4777778
0.6018519
0.601227
0.5
0.4302326
0.4788732
0.4925373
0.5657895
0.4941176
0.52
0.545
0.4410256
0.6036866
0.5387324
0.4882943
0.5067568
0.5
0.5049505
0.4813559
0.4892086
0.4603175
0.4228856
0.4295302
0.5294118
0.4626866
0.515625
0.5416667
0.4834437
0.4785714
0.446281
0.5462185
0.5
0.5038168
0.5319149
0.4897959
0.4929577
0.5104895
0.5465839
0.4534161
0.4930556
0.4496124
0.5245902
0.5
0.5114504
0.468254
0.5597015
0.4755245
0.5142857
0.5324675
0.5
0.4938272
0.4861111
0.5138889
0.7153846
0.3881579
0.4537037
0.3287671
0.6666667
0.3424658
0.5454545
0.4736842
0.6896552
0.3617021
0.4925373
0.6024096
0.6732026
0.4147727
0.3865546
0.3947368
0.5588235
0.5632184
0.51
0.4950495
0.4565217
0.6037736
0.6321839
0.4711538
0.4585635
0.4466667
0.464
0.5735294
0.5357143
0.5135135
0.5539906
0.4407583
0.5884956
0.5283688
0.4640288
0.5392857
0.4983389
0.5033113
0.4812287
0.4872727
0.4596774
0.3804348
0.4656489
0.01612903
0.9821429
0.5634921
0.4538462
0.4684685
0.5630252
0.4552846
0.552
0.4772727
0.5078125
0.488189
0.5193798
0.464
0.5671642
0.4829932
0.4817518
0.4923077
0.5362319
0.3833333
0.6603774
0.3396226
0.4285714
0.5970149
0.5555556
0.5238095
0.4660194
0.4545455
0.6153846
0.5974843
0.4864865
0.4705882
0.4520548
0.480315
0.5793103
0.5116279
0.5577889
0.5131579
0.4608295
0.5726496
0.5347222
0.4832215
0.5034483
0.5084175
0.5
0.4828767
0.4891304
0.46
0.4278607
0.4109589
0.5041322
0.5080645
0.4793388
0.5042735
0.5461538
0.4892086
0.4645669
0.5042017
0.4915254
0.5206612
0.4836066
0.4326923
0.6086957
0.3
0.7391304
0.4137931
0.2405063
0.7164179
0.5247525
0.5225225
0.4867257
0.5217391
0.3814433
0.5432099
0.6106195
0.5490196
0.4939759
0.5147929
0.03030303
0.969697
0.5076923
0.6206897
0.656051
0.4180791
0.3833333
0.3866667
0.5797101
0.5505618
0.5377358
0.4672897
0.4505495
0.6132075
0.6448087
0.4587156
0.4652406
0.4423077
0.4926471
0.5442177
0.5266272
0.5801887
0.4959016
0.4372093
0.5840708
0.5448276
0.4785479
0.5101351
0.4828767
0.5204082
0.4760274
0.4927007
0.4578313
0.43
0.4342105
0.4590164
0.5172414
0.5041322
0.5704225
0.4774194
0.4825175
0.481203
0.5076923
0.5037594
0.5073529
0.5174825
0.5033557
0.4791667
0.5174825
0.5487805
0.4674556
0.487013
0.471831
0.4924242
0.484127
0.4134615
0.5168539
0.6101695
0.4782609
0.5111111
0.4926471
0.5620915
0.5057471
0.5868263
0.4131737
0.3727273
0.3970588
0.5846154
0.5681818
0.5192308
0.4807692
0.4623656
0.5981308
0.6404494
0.4697674
0.4656085
0.4285714
0.4883721
0.5743243
0.5170455
0.5687204
0.5020747
0.4474886
0.5775862
0.5395189
0.4852459
0.5050167
0.5032895
0.5016287
0.4832215
0.4801444
0.4593496
0.4292929
0.46875
0.4897959
0.4744526
0.5112782
0.537415
0.4733333
0.4964539
0.4736842
0.5116279
0.5
0.5037594
0.5214286
0.5067568
0.4791667
0.5208333
0.53125
0.4785276
0.4935065
0.4609929
0.5
0.496124
0.518797
0.481203
0.5492958
0.4693878
0.5241379
0.5421687
0.5054945
0.4945055
0.5202703
0.4797297
0.3603604
0.4285714
0.5522388
0.5747126
0.5145631
0.4752475
0.4725275
0.5981308
0.6404494
0.4545455
0.4836957
0.4506173
0.4822695
0.5584416
0.5113636
0.5774648
0.4979592
0.4577778
0.5635593
0.5381944
0.4901316
0.479021
0.5259516
0.4983498
0.4828767
0.4679245
0.4789916
0.4242424
0.4615385
0.5034483
0.4552239
0.5234375
0.5472973
0.46
0.5
0.4651163
0.5121951
0.4705882
0.4766355
0.5446429
0.515873
0.5185185
0.4964029
0.5306122
0.4693878
0.5174825
0.4676259
0.5
0.484127
0.5271318
0.4645669
0.5724638
0.4697987
0.5104895
0.4965517
0.5555556
0.494382
0.5515152
0.4484848
0.3833333
0.4025974
0.5571429
0.5617978
0.5238095
0.45
0.4827586
0.6111111
0.6413043
0.4611872
0.462766
0.4493671
0.4496124
0.5886525
0.5202312
0.5754717
0.4895397
0.4583333
0.5751073
0.533101
0.4916944
0.5033557
0.5065789
0.4744027
0.5035714
0.4909747
0.4538153
0.4321608
0.4556962
0.4929577
0.4736842
0.519084
0.5277778
0.4864865
0.4929577
0.4736842
0.5153846
0.4962406
0.5037594
0.5248227
0.5066667
0.4794521
0.5172414
0.537037
0.4759036
0.4589041
0.4962406
0.484375
0.4513274
0.575
0.4772727
0.5531915
0.48
0.5102041
0.537037
0.494186
0.5114943
0.6524823
0.3475177
0.3636364
0.4166667
0.6551724
0.5064935
0.5666667
0.4456522
0.4225352
0.6341463
0.6176471
0.5254237
0.4745763
0.2941176
0.5930233
0.6165414
0.5232558
0.5673077
0.5042017
0.4366197
0.5829596
0.5438596
0.4816054
0.5102041
0.5033113
0.4983498
0.4775087
0.4907749
0.4291845
0.4623656
0.4625
0.4896552
0.4132231
0.5689655
0.5352113
0.4411765
0.5
0.4782609
0.4329897
0.5882353
0.4915254
0.4528302
0.5862069
0.4925373
0.480315
0.5547445
0.4758621
0.3947368
0.4230769
0.65625
0.3823529
0.5851064
0.4554455
0.369863
0.7216495
0.2708333
0.7346939
0.4929577
0.5512821
0.577381
0.422619
0.3238095
0.46875
0.5588235
0.5529412
0.53
0.4854369
0.4444444
0.5959596
0.6467066
0.4545455
0.4444444
0.4744526
0.3157895
0.6774194
0.5625
0.5317919
0.5555556
0.4600939
0.5377358
0.5698113
0.4468864
0.504065
0.5507246
0.503268
0.4707904
0.4963235
0.4556452
0.4321608
0.4266667
0.4181818
0.5490196
0.4766355
0.5048544
0.5630252
0.468254
0.4537037
0.6315789
0.4437086
0.3679245
0.35
0.72
0.28
0.6769231
0.06382979
0.9620253
0.4647887
0.5
0.5111111
0.5490196
0.4909091
0.6158537
0.3841463
0.3942308
0.4057971
0.4716981
0.6376812
0.5643564
0.4123711
0.5238095
0.5555556
0.6518987
0.4491979
0.5058824
0.3857143
0.5462185
0.5486111
0.5325444
0.5384615
0.527027
0.3535912
0.6734694
0.5368421
0.4848485
0.5068493
0.5115512
0.4918033
0.4863014
0.4817518
0.4634146
0.4242424
0.4649682
0.4710145
0.488189
0.5373134
0.4666667
0.2317073
0.7594937
0.4782609
0.4329897
0.3333333
0.5961538
0.03125
0.95
0.2692308
0.8510638
0.3939394
0.4693878
0.5208333
0.137931
0.9402985
0.4
0.4
0.6666667
0.5483871
0.5142857
0.4666667
0.3942308
0.6639344
0.6183206
0.3816794
0.2537313
0.6304348
0.5538462
0.5263158
0.5505618
0.4431818
0.4347826
0.6202532
0.6754967
0.4715026
0.4858757
0.4591195
0.4251969
0.578125
0.4861111
0.5757576
0.5343137
0.4809524
0.5470852
0.5611511
0.4885246
0.4983165
0.5099338
0.4849498
0.4858156
0.4430894
0.4759615
0.4530387
0.4057971
0.4105263
0.5894737
0.5333333
0.4920635
0.4700855
0.4859813
0.4222222
0.6082474
0.2337662
0.7142857
0.5945946
0.4634146
0.4519231
0.4534884
0.7
0.4647059
0.487013
0.4444444
0.4957983
0.5163934
0.5116279
0.472
0.5597015
0.4897959
0.4929577
0.5483871
0.4879518
0.4705882
0.4621212
0.5378788
0.3238095
0.46875
0.5454545
0.5764706
0.5
0.5
0.4494382
0.6
0.625
0.4923858
0.4728261
0.4081633
0.53125
0.5496689
0.5146199
0.5748792
0.5020921
0.4520548
0.5695652
0.541958
0.4384058
0.5381679
0.5187713
0.4916388
0.4948454
0.483871
0.4467213
0.4293194
0.2612613
0.4912281
0.5409836
0.02941176
0.972973
0.28
0.7704918
0.07843137
0.7777778
0.5333333
0.5151515
0.6792453
0.4193548
0.5438596
0.5694444
0.5591398
0.4583333
0.3015873
0.6779661
0.5061728
0.3050847
0.7096774
0.5
0.3802817
0.6142857
0.5326087
0.5242718
0.5135135
0.4519231
0.5
0.5
0.5762712
0.4769231
0.6352941
0.4807692
0.4680851
0.5849057
0.6497175
0.4651163
0.4594595
0.4551282
0.4928571
0.5306122
0.5384615
0.5806452
0.4898785
0.4265403
0.5982143
0.528169
0.4983278
0.5033333
0.5
0.504918
0.4744027
0.4889706
0.4571429
0.4285714
0.4545455
0.4354839
0.5178571
0.5322581
0.5448276
0.4733333
0.4817518
0.3125
0.5454545
0.6470588
0.4
0.6206897
0.4418605
0.544
0.5036496
0.4926471
0.4322034
0.5853659
0.424
0.4301075
0.6116505
0.5227273
0.4772727
0.5298507
0.4779412
0.484127
0.590604
0.4601227
0.5426829
0.07317073
0.9268293
0.5529412
0.5346535
0.4757282
0.4494382
0.6153846
0.6464088
0.4657534
0.46875
0.4444444
0.4857143
0.5436242
0.5263158
0.5794393
0.4789916
0.4519231
0.5859031
0.5413793
0.4818482
0.5084175
0.4983389
0.5016611
0.4738676
0.5
0.4538153
0.4052632
0.4761905
0.4444444
0.5371901
0.5112782
0.5436242
0.4774194
0.4931507
0.4586466
0.515873
0.5
0.496124
0.5395683
0.5
0.4863014
0.5
0.4740741
0.5259259
0.5069444
0.4748201
0.4923077
0.5151515
0.4848485
0.4754098
0.5206612
0.5298507
0.5136986
0.53125
0.5142857
0.494382
0.3636364
0.6363636
0.3913043
0.5344828
0.617284
0.5327103
0.4622642
0.4431818
0.6285714
0.6333333
0.4672897
0.4652406
0.4493671
0.4892086
0.5612903
0.494186
0.5913462
0.4979592
0.4553571
0.5506608
0.5583039
0.4836601
0.4965986
0.5067568
0.5065789
0.4814815
0.4818841
0.4571429
0.4343434
0.4625
0.459854
0.496
0.515625
0.5074627
0.5177305
0.4965517
0.4666667
0.5116279
0.5037594
0.5037037
0.5244755
0.5033113
0.4794521
0.5138889
0.525641
0.477707
0.4791667
0.4692308
0.504065
0.4700855
0.5528455
0.480916
0.556338
0.4768212
0.5167785
0.5304878
0.5056818
0.4294872
0.6119403
0.3880597
0.5517241
0.5616438
0.5638298
0.4803922
0.4555556
0.5940594
0.6629213
0.4636364
0.4545455
0.4444444
0.4645669
0.5902778
0.5142857
0.5852535
0.4879032
0.4573991
0.5677966
0.5410959
0.4785479
0.5101351
0.5032895
0.5016287
0.4814815
0.4874552
0.4603175
0.42
0.4615385
0.4146341
0.4456522
0.59
0.5241935
0.5112782
0.2527473
0.6349206
0.6078431
0.4918033
0.4782609
0.5528455
0.4962963
0.4765625
0.585034
0.4189189
0.5267176
0.4850746
0.2168675
0.6470588
0.56
0.5531915
0.3809524
0.6631579
0.5333333
0.5294118
0.49375
0.5
0.4285714
0.5714286
0.6129032
0.5581395
0.5102041
0.5049505
0.4516129
0.5280899
0.6967742
0.4782609
0.4677419
0.4528302
0.4857143
0.5584416
0.5085714
0.5615764
0.4977974
0.4719626
0.5665236
0.5251799
0.4982818
0.4947735
0.5153584
0.5016502
0.4812287
0.4891304
0.4578313
0.4183673
0.2190476
0.7604167
0.4632353
0.2125
0.6730769
0.2222222
0.7435897
0.2162162
0.3333333
0.8095238
0.5405405
0.6923077
0.5833333
0.4375
0.3378378
0.7126437
0.4608696
0.5
0.3026316
0.6166667
0.3392857
0.7532468
0.4141414
0.6238532
0.364486
0.09302326
0.9466667
0.4892086
0.5526316
0.5748503
0.4251497
0.3486239
0.4242424
0.5555556
0.5783133
0.5051546
0.4787234
0.4444444
0.6170213
0.6627907
0.4031414
0.51875
0.461039
0.4661654
0.5193798
0.5503356
0.5729167
0.4736842
0.4870466
0.5784753
0.5457746
0.4618056
0.525
0.4948454
0.5068493
0.4878893
0.4909747
0.456
0.4242424
0.4324324
0.4018692
0.5656566
0.5483871
0.4728682
0.407767
0.58
0.3409091
0.6428571
0.5304348
0.371134
0.6210526
0.5
0.556391
0.2673267
0.3863636
0.7763158
0.3295455
0.5322581
0.3076923
0.6923077
0.4679803
0.4508671
0.6176471
0.540146
0.4695341
0.5236364
0.4982578
0.5
0.4664179
0.5155039
0.4481328
0.4404145
0.4585987
0.4893617
0.4609375
0.5
0.5597015
0.4525547
0.515625
0.484375
0.511811
0.5
0.5
0.5255474
0.5068493
0.4825175
0.5174825
0.5515152
0.4615385
0.4765101
0.4779412
0.5112782
0.5
0.5
0.4769231
0.5602837
0.4768212
0.5068493
0.5345912
0.519774
0.4972678
0.5064935
0.4935065
0.7205882
0.3594771
0.4859813
0.3066667
0.6760563
0.3424658
0.5454545
0.4339623
0.6666667
0.4177215
0.5
0.6162791
0.6580645
0.4204545
0.3833333
0.3866667
0.5797101
0.5555556
0.5098039
0.4901961
0.4680851
0.5849057
0.6574586
0.4615385
0.4631579
0.4285714
0.5074627
0.5612903
0.5028571
0.5849057
0.4918033
0.4545455
0.5633188
0.5409253
0.4847458
0.510274
0.5049834
0.5
0.4776632
0.4908425
0.4574899
0.4321608
0.4591195
0.4785714
0.4724409
0.5238095
0.5384615
0.4539007
0.5151515
0.480916
0.5116279
0.5037594
0.5
0.5179856
0.5068493
0.4788732
0.5036496
0.5548387
0.4415584
0.5211268
0.3833333
0.5779817
0.5153846
0.4924242
0.488189
0.5571429
0.472973
0.527027
0.5301205
0.5028249
0.5055556
0.2162162
0.7837838
0.6375
0.5188679
0.5217391
0.4915254
0.5284553
0.4921875
0.5116279
0.5217391
0.5034483
0.4785714
0.5214286
0.5465839
0.4634146
0.4966887
0.4565217
0.5116279
0.4210526
0.5862069
0.46875
0.5620438
0.4832215
0.5034483
0.5408805
0.4723926
0.5416667
0.08163265
0.9183673
0.6830986
0.5291262
0.4293194
0.6019417
0.5373134
0.4782609
0.5268817
0.4535316
0.5563636
0.4778157
0.4833948
0.4541667
0.4108108
0.4242424
0.5555556
0.4214876
0.4204545
0.4861111
0.6634615
0.3947368
0.5631068
0.5322581
0.4358974
0.5446429
0.519685
0.4961832
0.4491525
0.4044944
0.6949153
0.3880597
0.5772358
0.4701493
0.4919355
0.4916667
0.528
0.480315
0.5611511
0.3709677
0.6198347
0.537037
0.4821429
0.5178571
0.5203252
0.4796748
0.6013514
0.5482234
0.5090909
0.4509804
0.5799087
0.5480427
0.4707904
0.5141844
0.4912281
0.4909091
0.4847328
0.5
0.4595745
0.4255319
0.4736842
0.4098361
0.5495495
0.519685
0.4358974
0.5188679
0.5564516
0.4609375
0.528
0.4883721
0.5078125
0.48
0.5588235
0.4722222
0.5
0.566879
0.4702381
0.4802632
0.4671533
0.4796748
0.5123967
0.5079365
0.483871
0.5620438
0.4832215
0.5102041
0.537037
0.519337
0.4891304
0.4375
0.5625
0.5360825
0.4468085
0.4814815
0.625
0.640884
0.462963
0.4736842
0.4375
0.4852941
0.56
0.52
0.5825688
0.48583
0.4618834
0.5635593
0.5429553
0.485342
0.5033333
0.5065359
0.4934641
0.4846416
0.4892086
0.444898
0.4232804
0.4666667
0.4927536
0.4035088
0.5892857
0.5384615
0.4797297
0.4701493
0.4705882
0.5371901
0.4921875
0.519084
0.5177305
0.5100671
0.4829932
0.5103448
0.5515152
0.4647059
0.4903226
0.4647887
0.5
0.5037594
0.5037037
0.4769231
0.5267176
0.5071429
0.5034965
0.5294118
0.5235294
0.5027933
0.5149701
0.4850299
0.5290698
0.5666667
0.5277778
0.5
0.5232975
0.4948097
0.4781022
0.4495798
0.4455959
0.4625
0.4965986
0.4671533
0.5151515
0.5342466
0.48
0.4893617
0.4692308
0.5080645
0.4878049
0.2771084
0.6760563
0.6065574
0.4861111
0.5070423
0.5414013
0.4753086
0.4866667
0.4748201
0.4961832
0.496124
0.496063
0.4878049
0.5683453
0.4802632
0.06410256
0.9438202
0.5280899
0.4835165
0.3846154
0.6153846
0.5247525
0.4752475
0.4285714
0.6129032
0.6041667
0.4423077
0.5430464
0.4142857
0.5206612
0.5771812
0.4068966
0.6380368
0.48
0.4920635
0.4593023
0.6594828
0.4916944
0.5033557
0.4897959
0.5
0.4929577
0.4814815
0.4583333
0.4148936
0.472973
0.4067797
0.5514019
0.4636364
0.5984252
0.4794521
0.4814815
0.484127
0.2560976
0.6557377
0.3333333
0.7619048
0.4385965
0.4505495
0.5816327
0.6041667
0.462963
0.4680851
0.4677419
0.5322581
0.45
0.5045872
0.5
0.5564516
0.4772727
0.503937
0.496063
0.58
0.4350649
0.525
0.475
0.7164179
0.3286713
0.53
0.03636364
0.9574468
0.3571429
0.5454545
0.25
0.8181818
0.1666667
0.7272727
0.6842105
0.6231884
0.4415584
0.3703704
0.3220339
0.6415094
0.575
0.5306122
0.4901961
0.3670886
0.5797101
0.6610169
0.5272727
0.4276316
0.02985075
0.9705882
0.5510204
0.474026
0.4930556
0.4740741
0.5114504
0.5
0.4962406
0.5319149
0.4932432
0.4930556
0.5103448
0.5515152
0.4647059
0.4903226
0.4722222
0.4962963
0.4924242
0.5112782
0.4769231
0.5633803
0.4771242
0.5100671
0.5421687
0.5108696
0.4863388
0.53125
0.46875
0.4827586
0.4736842
0.5116279
0.4453782
0.5350877
0.5307692
0.4609375
0.5354331
0.4848485
0.4920635
0.495935
0.5481481
0.4896552
0.5103448
0.5487805
0.4409938
0.5103448
0.4558824
0.4311927
0.5727273
0.503937
0.5
0.5555556
0.4482759
0.5185185
0.5625
0.5081967
0.4861878
0.5
0.5
0.5692308
0.4714286
0.5657895
0.656
0.5
0.4709677
0.4710145
0.5149254
0.5106383
0.552795
0.5860465
0.4857143
0.4590909
0.5683761
0.4571429
0.552
0.5191638
0.5033333
0.4983389
0.4863014
0.4836364
0.4637097
0.425
0.4620253
0.4251969
0.5384615
0.4793388
0.5206612
0.3762376
0.3870968
0.6065574
0.1190476
0.8888889
0.3333333
0.7849462
0.5067568
0.4791667
0.5140845
0.5350318
0.4782609
0.4797297
0.4661654
0.511811
0.484127
0.519685
0.4761905
0.53125
0.4769231
0.5474453
0.5341615
0.4787879
0.5212121
0.2692308
0.7307692
0.3333333
0.525
0.6037736
0.6701031
0.5486111
0.4968153
0.4657534
0.4887218
0.5608108
0.4679487
0.6294416
0.4897119
0.3121387
0.5877863
0.6451613
0.4964029
0.5208333
0.5
0.5049505
0.4742268
0.4963504
0.4581673
0.425
0.4654088
0.4965986
0.4710145
0.5075758
0.5410959
0.4768212
0.4965035
0.4701493
0.5153846
0.4806202
0.4700855
0.5528455
0.5177305
0.4710145
0.5185185
0.44
0.5833333
0.4832215
0.4744526
0.5
0.5038168
0.5074627
0.456
0.5714286
0.4794521
0.4927536
0.5584416
0.5028902
0.5028571
0.5166667
0.4833333
0.6463415
0.5984848
0.4968153
0.4135338
0.4554455
0.5855856
0.5547945
0.5207101
0.5809524
0.487395
0.4528302
0.559633
0.4672489
0.5446809
0.2808989
0.7524752
0.4983498
0.4863946
0.4837545
0.4173913
0.4606742
0.4640523
0.5034965
0.4503817
0.5
0.5755396
0.4444444
0.5223881
0.4444444
0.5409836
0.4883721
0.3762376
0.6346154
0.4054054
0.5263158
0.1935484
0.8651685
0.4652778
0.5248227
0.4351145
0.525
0.4919355
0.487395
0.5084746
0.3258427
0.6419753
0.4639175
0.5631068
0.4956522
0.5128205
0.5730994
0.4269006
0.3813559
0.4078947
0.5441176
0.5697674
0.5377358
0.43
0.4941176
0.6
0.6440678
0.4697674
0.4684211
0.44375
0.4928571
0.5490196
0.52
0.5806452
0.4857143
0.456621
0.5726496
0.5347222
0.4900662
0.5033557
0.5
0.4983278
0.4826389
0.4927007
0.46
0.3979058
0.4609929
0.4921875
0.4836066
0.3979592
0.576087
0.5
0.4803922
0.5
0.51
0.5446429
0.504065
0.5079365
0.5294118
0.4929577
0.4308943
0.4591837
0.5673077
0.4957265
0.5166667
0.5079365
0.4710744
0.4672897
0.4791667
0.5892857
0.45
0.5384615
0.5298507
0.4928571
0.5106383
0.4794521
0.5205479
0.62
0.4363636
0.6390977
0.4970414
0.4166667
0.7014925
0.2033898
0.5714286
0.6962025
0.5564516
0.4907749
0.4784314
0.2738095
0.6198347
0.4444444
0.4915254
0.5084746
0.4915254
0.03333333
0.8571429
0.6470588
0.6507937
0.3278689
0.7014925
0.5436893
0.4862385
0.576
0.4586466
0.4245283
0.6666667
0.4409938
0.4779412
0.48
0.516129
0.4710744
0.525
0.3823529
0.472973
0.6276596
0.531746
0.4962406
0.5352113
0.4899329
0.04166667
0.9583333
0.4390244
0.628866
0.2738095
0.8050847
0.05940594
0.9210526
0.4964029
0.5430464
0.5232558
0.53125
0.5072464
0.453125
0.5934579
0.527881
0.5052265
0.4947735
0.5136986
0.4983278
0.4862069
0.4835165
0.4545455
0.3888889
0.4852941
0.5
0.4883721
0.5078125
0.5517241
0.4666667
0.5
0.469697
0.5230769
0.4887218
0.4396552
0.5819672
0.5136986
0.4827586
0.5138889
0.5542169
0.4619883
0.487013
0.4755245
0.4925373
0.5
0.5037594
0.4846154
0.556338
0.4733333
0.5170068
0.5393939
0.5136612
0.4863388
0.1568627
0.8431373
0.5520833
0.6558442
0.3441558
0.5891473
0.5801105
0.4827586
0.5
0.5775862
0.4904943
0.4487179
0.4444444
0.4324324
0.3191489
0.4
0.4736842
0.1428571
0.9210526
0.5205479
0.5128205
0.5121951
0.5670103
0.4761905
0.5098039
0.03703704
0.8
0.2
0.3333333
0.9
0.7428571
0.5873016
0.362069
0.72
0.578125
0.1868132
0.7702703
0.4123711
0.6581197
0.5064103
0.5873016
0.4126984
0.5357143
0.6103896
0.6736111
0.4121212
0.3818182
0.3636364
0.625
0.5555556
0.5049505
0.49
0.4235294
0.6504854
0.6235955
0.453202
0.4712644
0.4605263
0.4656489
0.5821918
0.505814
0.5857143
0.4917355
0.456621
0.5726496
0.537931
0.4765101
0.5034965
0.5034483
0.5034014
0.4807018
0.4830189
0.4688797
0.4321608
0.4591195
0.4895105
0.4573643
0.5163934
0.5531915
0.472973
0.4964029
0.481203
0.5
0.488
0.515873
0.5289855
0.5100671
0.4794521
0.5138889
0.5487805
0.4674556
0.4836601
0.4788732
0.5
0.5
0.5036496
0.4732824
0.5602837
0.4802632
0.5067568
0.5426829
0.5082873
0.4917127
0.5810811
0.4189189
0.5633803
0.5505618
0.5377358
0.4722222
0.4574468
0.6018519
0.6467391
0.4541284
0.4789474
0.4417178
0.4893617
0.5548387
0.5141243
0.5747664
0.4875
0.455814
0.5682819
0.5425532
0.4882943
0.5017065
0.5067114
0.5
0.4863946
0.4837545
0.464
0.4228856
0.4654088
0.5
0.4676259
0.5112782
0.5436242
0.474026
0.4965517
0.4705882
0.5151515
0.4962963
0.5073529
0.5208333
0.5033113
0.4829932
0.5136986
0.5508982
0.4619883
0.4836601
0.4751773
0.5
0.5
0.5037037
0.4848485
0.5524476
0.4802632
0.5165563
0.5329341
0.5163043
0.4892473
0.5342466
0.4657534
0.4925373
0.6117647
0.6601307
0.4228571
0.3728814
0.4133333
0.5507246
0.5632184
0.5377358
0.4722222
0.4631579
0.6
0.6432432
0.456621
0.4680851
0.4534161
0.4710145
0.5666667
0.5170455
0.5825688
0.48583
0.4618834
0.5635593
0.5429553
0.4802632
0.5084175
0.5032895
0.4983607
0.4776632
0.4908425
0.4618474
0.425
0.4585987
0.4965035
0.4740741
0.5114504
0.5472973
0.474026
0.4965517
0.4666667
0.5153846
0.4962406
0.5037594
0.528169
0.5
0.4827586
0.5172414
0.537037
0.4596273
0.4861111
0.4776119
0.496063
0.519084
0.5036496
0.4772727
0.556338
0.4802632
0.5067568
0.5426829
0.5055556
0.4972376
0.6451613
0.3548387
0.5
0.6071429
0.6688312
0.4147727
0.3652174
0.4246575
0.5571429
0.5617978
0.5327103
0.4123711
0.4936709
0.625
0.6467391
0.456621
0.4680851
0.443038
0.453125
0.5703704
0.5032258
0.5851064
0.4859813
0.4720812
0.5694444
0.5461255
0.4878893
0.5087108
0.5
0.5017065
0.4842105
0.4963504
0.4581673
0.425
0.4551282
0.5034965
0.4705882
0.5114504
0.5472973
0.4671053
0.4928571
0.4772727
0.5153846
0.5
0.5073529
0.5208333
0.5
0.4827586
0.5172414
0.5481928
0.4615385
0.4868421
0.4751773
0.4806202
0.504
0.5227273
0.481203
0.5460993
0.4832215
0.5034483
0.5493827
0.5055556
0.4944444
0.5285714
0.4714286
0.4677419
0.6506024
0.6538462
0.4204545
0.362069
0.3913043
0.5909091
0.5517241
0.5384615
0.4766355
0.4574468
0.5943396
0.625
0.4852941
0.4677419
0.45625
0.4859155
0.5548387
0.5141243
0.5107527
0.5539906
0.4562212
0.5732759
0.5429553
0.4836601
0.5033557
0.5033113
0.5016393
0.4496403
0.5192308
0.4327731
0.4462366
0.4315068
0.5263158
0.469697
0.5
0.5602837
0.4802632
0.4965517
0.4666667
0.519084
0.4887218
0.5075758
0.528169
0.5
0.4863014
0.5034965
0.552795
0.4702381
0.4836601
0.4751773
0.5037037
0.4962963
0.5
0.4724409
0.5620438
0.4866667
0.5100671
0.5421687
0.5108696
0.4891304
0.3015873
0.6984127
0.45
0.4626866
0.4745763
0.6989247
0.2613636
0.6567164
0.5
0.525641
0.474359
0.7338129
0.3818182
0.4568966
0.3205128
0.6621622
0.3378378
0.537037
0.4821429
0.6896552
0.3478261
0.5076923
0.6071429
0.6666667
0.4204545
0.3781513
0.3918919
0.5797101
0.5555556
0.5327103
0.4672897
0.4505495
0.6168224
0.6432432
0.4615385
0.4659686
0.4506173
0.4748201
0.5686275
0.511236
0.5687204
0.4594595
0.4822335
0.5581395
0.5454545
0.4911661
0.5035714
0.4928058
0.5124555
0.4893617
0.4888889
0.4612245
0.4321608
0.4487179
0.5104895
0.4552239
0.515873
0.5422535
0.4689655
0.5036496
0.4692308
0.519685
0.4883721
0.5
0.5153846
0.5248227
0.4861111
0.5070423
0.5471698
0.45625
0.5100671
0.4532374
0.503937
0.5
0.5151515
0.4728682
0.557971
0.4726027
0.5174825
0.5316456
0.5227273
0.4860335
0.525
0.475
0.7266187
0.3765432
0.4649123
0.3205128
0.6268657
0.3114754
0.5365854
0.5510204
0.6896552
0.3617021
0.4848485
0.6235294
0.6602564
0.4180791
0.3833333
0.4025974
0.5507246
0.5681818
0.5327103
0.4722222
0.4631579
0.6036036
0.6358696
0.4608295
0.4764398
0.4347826
0.4927536
0.5612903
0.5084746
0.5774648
0.4917355
0.4615385
0.5641026
0.5432526
0.4852459
0.5033557
0.5065789
0.496732
0.4829932
0.4855072
0.4618474
0.425
0.4654088
0.5
0.459854
0.5153846
0.5442177
0.4771242
0.4859155
0.4732824
0.511811
0.496124
0.496063
0.540146
0.5
0.4825175
0.5106383
0.55
0.4601227
0.4827586
0.4814815
0.5038168
0.4923077
0.5151515
0.4769231
0.5571429
0.48
0.5167785
0.5361446
0.5136612
0.4891304
0.5189873
0.4810127
0.7099237
0.3673469
0.4857143
0.3108108
0.6805556
0.3378378
0.5454545
0.4736842
0.6896552
0.3617021
0.4925373
0.6206897
0.656051
0.4180791
0.3833333
0.3947368
0.5714286
0.5294118
0.5588235
0.4622642
0.4731183
0.588785
0.5594406
0.5505618
0.4585635
0.4539474
0.4850746
0.5547945
0.5178571
0.5606061
0.5131579
0.4347826
0.5890411
0.5457746
0.486755
0.5
0.5033784
0.5033333
0.4863946
0.4856115
0.4621514
0.4257426
0.4658385
0.4360902
0.5
0.5084746
0.4642857
0.5772358
0.5359477
0.4709677
0.4859155
0.4850746
0.496124
0.503876
0.5112782
0.4848485
0.5524476
0.4802632
0.5133333
0.5361446
0.5136612
0.4918919
0.5064935
0.4935065
0.7266187
0.3841463
0.4521739
0.3246753
0.6621622
0.3378378
0.537037
0.4821429
0.6896552
0.3617021
0.4925373
0.6206897
0.656051
0.4180791
0.3781513
0.4078947
0.5633803
0.5505618
0.5377358
0.4722222
0.4516129
0.5961538
0.6436782
0.4641148
0.4640884
0.4362416
0.5149254
0.5576923
0.511236
0.5787037
0.4939271
0.4577778
0.5654008
0.5395189
0.4869281
0.5033333
0.5032895
0.5016287
0.4779661
0.4891304
0.4621514
0.4257426
0.4625
0.4896552
0.4621212
0.515873
0.5454545
0.48
0.4929577
0.4776119
0.5151515
0.4925373
0.5074627
0.5211268
0.5066667
0.4794521
0.5172414
0.5508982
0.4619883
0.4903226
0.4685315
0.5037037
0.5
0.5036496
0.481203
0.5555556
0.4736842
0.52
0.5301205
0.5164835
0.4918919
0.5915493
0.4084507
0.7622951
0.4
0.4608696
0.3205128
0.6621622
0.3378378
0.5454545
0.4736842
0.6896552
0.3617021
0.6666667
0.3928571
0.3888889
0.5882353
0.5454545
0.5428571
0.4722222
0.4631579
0.5925926
0.6049383
0.5050505
0.4535519
0.461039
0.4817518
0.5686275
0.5084746
0.5714286
0.4979079
0.456621
0.5633188
0.5409253
0.4933333
0.4914089
0.5034722
0.5017182
0.4822695
0.4906367
0.4609053
0.4285714
0.4545455
0.5035461
0.4661654
0.504
0.55
0.4761905
0.469697
0.4745763
0.5254237
0.495935
0.5271318
0.5142857
0.5102041
0.4827586
0.5104895
0.54375
0.4662577
0.4933333
0.4751773
0.5
0.4885496
0.5151515
0.480916
0.556338
0.4802632
0.5133333
0.5361446
0.5055556
0.4858757
0.5
0.5
0.7164179
0.3924051
0.4311927
0.3285714
0.6034483
0.3965517
0.5576923
0.4821429
0.6746988
0.308642
0.5689655
0.6117647
0.6486486
0.4319527
0.3760684
0.4133333
0.5571429
0.5243902
0.5376344
0.4736842
0.4886364
0.5742574
0.6329114
0.4974874
0.440678
0.4765101
0.4453125
0.5403226
0.5442177
0.5121951
0.5307263
0.4919786
0.5445545
0.56
0.5087719
0.493007
0.5137931
0.5033333
0.4828767
0.4816176
0.4518828
0.4375
0.4615385
0.4857143
0.4237288
0.5535714
0.5602837
0.4697987
0.469697
0.4876033
0.5241935
0.488189
0.5230769
0.5211268
0.5033557
0.471831
0.4962406
0.56
0.475
0.4966887
0.471831
0.5
0.5
0.5037037
0.4728682
0.5642857
0.4802632
0.5100671
0.5279503
0.5142857
0.494382
0.09677419
0.9032258
0.3411765
0.5322581
0.5540541
0.6985294
0.4311377
0.3846154
0.3835616
0.5820896
0.5465116
0.53
0.4803922
0.4731183
0.6
0.6413043
0.4299517
0.4733728
0.4736842
0.4626866
0.5838926
0.5056818
0.5741627
0.5020747
0.4449541
0.5707965
0.5425532
0.4882943
0.5067568
0.5033113
0.4916388
0.4895833
0.4909747
0.4603175
0.42
0.4649682
0.4930556
0.4580153
0.5121951
0.5531915
0.4765101
0.4855072
0.4806202
0.5
0.511811
0.5075758
0.5248227
0.5033557
0.4863014
0.5069444
0.54375
0.4662577
0.4966887
0.4755245
0.4962963
0.5
0.5037037
0.4848485
0.5555556
0.4771242
0.5133333
0.5389222
0.5054945
0.4917127
0.2790698
0.7209302
0.4363636
0.3239437
0.6805556
0.3378378
0.5454545
0.4736842
0.6896552
0.3617021
0.4848485
0.6144578
0.6577181
0.4302326
0.362069
0.4166667
0.5652174
0.5517241
0.5339806
0.4554455
0.4888889
0.6036036
0.6256983
0.4741784
0.4325843
0.4726027
0.4772727
0.5227273
0.5208333
0.5901639
0.4857143
0.4574468
0.5520833
0.563786
0.4790875
0.498008
0.5421245
0.5050167
0.4846416
0.4740741
0.4688797
0.4234694
0.4679487
0.5
0.4632353
0.5153846
0.5442177
0.4736842
0.4965035
0.4740741
0.5076923
0.5037594
0.5037037
0.5211268
0.5033557
0.4863014
0.4964539
0.5652174
0.445122
0.5100671
0.4685315
0.5
0.4885496
0.518797
0.4732824
0.5633803
0.4771242
0.5067568
0.5398773
0.5083799
0.4944444
0.5616438
0.4383562
0.751938
0.39375
0.4568966
0.3205128
0.6621622
0.3378378
0.537037
0.4821429
0.6823529
0.3695652
0.4925373
0.6117647
0.6578947
0.382716
0.3673469
0.4098361
0.6031746
0.547619
0.4772727
0.5333333
0.4666667
0.6037736
0.6097561
0.4505495
0.5
0.3740458
0.5545455
0.5514706
0.5098039
0.61
0.4958678
0.4594595
0.5584416
0.5457746
0.486755
0.5016949
0.5066667
0.5
0.4758621
0.4963504
0.4581673
0.4278607
0.4625
0.4896552
0.4661654
0.5079365
0.5492958
0.4765101
0.4964539
0.4656489
0.512
0.488
0.5
0.5378788
0.5034965
0.4929577
0.5104895
0.554878
0.4615385
0.4834437
0.4785714
0.4962406
0.5074627
0.4925373
0.4883721
0.5594406
0.4771242
0.5165563
0.5329341
0.5163043
0.4892473
0.1743119
0.8256881
0.4039735
0.4553571
0.3289474
0.6323529
0.3676471
0.5454545
0.4736842
0.6860465
0.3655914
0.4603175
0.6463415
0.6558442
0.4195402
0.2843137
0.42
0.6111111
0.5714286
0.5268817
0.4895833
0.4659091
0.5729167
0.6518987
0.460733
0.4666667
0.4652778
0.3557692
0.6967213
0.5
0.5663265
0.5066667
0.4466019
0.5700935
0.5531136
0.4949833
0.5
0.4861111
0.5138889
0.4788732
0.4944238
0.4637097
0.4221106
0.5177305
0.4822695
0.4645669
0.5123967
0.4833333
0.5166667
0.5079365
0.4796748
0.4957265
0.5084746
0.5041322
0.5307692
0.5241379
0.4864865
0.5102041
0.5508982
0.4619883
0.487013
0.4642857
0.5038168
0.4883721
0.5227273
0.4651163
0.5522388
0.4931507
0.5135135
0.5365854
0.5111111
0.4917127
0.2166667
0.7833333
0.4777778
0.5865385
0.6494253
0.4593301
0.4725275
0.4487179
0.4814815
0.5517241
0.5151515
0.5913462
0.4938272
0.4495413
0.5682819
0.5392857
0.4863946
0.5051903
0.4965517
0.5034483
0.4859155
0.4869888
0.4586777
0.4242424
0.5757576
0.5632184
0.4787234
0.4155844
0.5616438
0.6057692
0.6557377
0.4366197
0.4715909
0.4645161
0.4857143
0.5496689
0.5174419
0.5741627
0.4915254
0.4528302
0.5733333
0.5473684
0.4834437
0.5034014
0.4965986
0.5017065
0.486014
0.4889706
0.454918
0.4336735
0.4620253
0.5
0.4592593
0.5079365
0.5460993
0.4832215
0.4929577
0.4656489
0.5234375
0.4885496
0.503876
0.5357143
0.4966443
0.4896552
0.5136986
0.5508982
0.4619883
0.4836601
0.4788732
0.5
0.4962963
0.5073529
0.481203
0.5524476
0.4802632
0.5100671
0.5393939
0.5163043
0.4892473
0.4925373
0.5074627
0.46875
0.4444444
0.4893617
0.5548387
0.5141243
0.57277
0.4979424
0.4573991
0.5641026
0.5448276
0.485342
0.5
0.5
0.5
0.489726
0.4874552
0.4603175
0.4257426
0.4625
0.4825175
0.4651163
0.52
0.5422535
0.4761905
0.4890511
0.4846154
0.519084
0.4925373
0.5074627
0.5211268
0.5066667
0.4864865
0.5034483
0.5575758
0.4619883
0.4903226
0.4685315
0.5037037
0.5
0.5036496
0.481203
0.5555556
0.4771242
0.5165563
0.5357143
0.5135135
0.4892473
0.5274725
0.4725275
0.5057471
0.443038
0.4964029
0.5576923
0.5084746
0.5852535
0.4899598
0.4577778
0.5617021
0.5416667
0.4868421
0.5016835
0.5
0.4966216
0.4878049
0.4814815
0.4650206
0.408377
0.4901961
0.4791667
0.4651163
0.5041322
0.5611511
0.472973
0.5035461
0.4661654
0.511811
0.5038168
0.4923077
0.5362319
0.5066667
0.4829932
0.5136986
0.5508982
0.4619883
0.487013
0.4755245
0.5
0.5
0.5
0.4848485
0.5555556
0.4736842
0.52
0.5301205
0.5191257
0.4892473
0.3055556
0.6944444
0.4708995
0.447205
0.4820144
0.5620915
0.5141243
0.5747664
0.4810127
0.4647887
0.5714286
0.5432526
0.4869281
0.5
0.4983165
0.5050167
0.4863946
0.4874552
0.4538153
0.4292929
0.46875
0.4827586
0.4656489
0.504065
0.5539568
0.4761905
0.5
0.4656489
0.515873
0.496124
0.4920635
0.5373134
0.5068493
0.4931507
0.5068493
0.5542169
0.4619883
0.4903226
0.4722222
0.4962963
0.5037037
0.5036496
0.4772727
0.5594406
0.4771242
0.5133333
0.5389222
0.5135135
0.4892473
0.3815789
0.6184211
0.4863388
0.4402516
0.4852941
0.557047
0.5229885
0.5806452
0.4836066
0.4660633
0.5654008
0.5410959
0.4819672
0.4948454
0.5085324
0.4983165
0.4861111
0.4833948
0.4609053
0.4343434
0.4591195
0.4552239
0.4958678
0.5121951
0.556338
0.4733333
0.4964539
0.4656489
0.512
0.5
0.503876
0.5323741
0.5066667
0.4829932
0.5103448
0.5432099
0.4698795
0.4834437
0.4785714
0.5037037
0.5
0.5036496
0.4772727
0.556338
0.4802632
0.5133333
0.5389222
0.5108696
0.4891304
0.3333333
0.6666667
0.7322835
0.3496503
0.5145631
0.3205128
0.6527778
0.3472222
0.5283019
0.4909091
0.6860465
0.3655914
0.4925373
0.6206897
0.656051
0.4180791
0.3833333
0.4025974
0.5571429
0.5517241
0.5428571
0.4722222
0.4516129
0.6
0.6519337
0.4611872
0.4684211
0.447205
0.4820144
0.5649351
0.5028571
0.588785
0.4728033
0.4541063
0.5707763
0.5503597
0.4882943
0.4965517
0.5068493
0.4965986
0.4859155
0.4869888
0.4653061
0.4271357
0.4407895
0.5179856
0.4330709
0.5089286
0.5511811
0.453125
0.512605
0.4019608
0.3880597
0.5438596
0.5571429
0.5063291
0.5959596
0.5
0.528
0.557047
0.4779874
0.4864865
0.4586466
0.515873
0.5075758
0.5037037
0.46875
0.5652174
0.4693878
0.5035971
0.5454545
0.4939759
0.5119048
0.3255814
0.6744186
0.6081081
0.2241379
0.2352941
0.8947368
0.4035088
0.5576923
0.4313725
0.5217391
0.52
0.7078652
0.4705882
0.4954955
0.5338983
0.4568966
0.4952381
0.5
0.5229358
0.5043478
0.5084746
0.4782609
0.5258621
0.4958678
0.4736842
0.55
0.4923077
0.5259259
0.5
0.5
0.7375
0.3516484
0.5616438
0.5393258
0.4782609
0.5963303
0.368932
0.5581395
0.5826087
0.4846154
0.519084
0.5244755
0.4680851
0.5217391
0.4626866
0.504
0.496
0.511811
0.4715447
0.5639098
0.4755245
0.5177305
0.5408805
0.5141243
0.488764
0.3125
0.6875
0.6117647
0.4347826
0.5918367
0.536
0.464
0.5166667
0.4363636
0.5897436
0.481203
0.5328467
0.5350318
0.475
0.4933333
0.4637681
0.4754098
0.5206612
0.519084
0.480916
0.5531915
0.4765101
0.5
0.5448718
0.505814
0.494186
0.7012987
0.2987013
0.7012987
0.4130435
0.5308642
0.5274725
0.3766234
0.5857143
0.5060241
0.5841584
0.5241935
0.5422535
0.4460432
0.530303
0.453125
0.5166667
0.495935
0.512
0.488
0.5343511
0.5070423
0.4893617
0.5548387
0.4819277
0.5121951
0.5080645
0.4919355
0.519685
0.5510204
0.474026
0.4965517
0.4666667
0.4661017
0.5217391
0.52
0.5323741
0.4965986
0.4895105
0.5138889
0.5403727
0.4759036
0.487013
0.4755245
0.4925373
0.5074627
0.4962963
0.4806202
0.5602837
0.4802632
0.5067568
0.5454545
0.5108696
0.4918919
0.384
0.616
0.4797297
0.4365079
0.4660194
0.5897436
0.4772727
0.58
0.5322581
0.4648649
0.5763547
0.5465116
0.4909747
0.5194346
0.5050505
0.5
0.4791667
0.481203
0.4666667
0.4285714
0.4545455
0.5
0.469697
0.515625
0.5416667
0.4868421
0.4896552
0.4661654
0.5230769
0.4962963
0.5037037
0.5142857
0.5102041
0.4863014
0.5103448
0.5487805
0.4642857
0.4868421
0.4788732
0.4962963
0.5037037
0.4962963
0.4885496
0.5492958
0.48
0.5167785
0.5389222
0.5081967
0.489011
0.5964912
0.4035088
0.4025974
0.5633803
0.5555556
0.5327103
0.4672897
0.4680851
0.588785
0.6519337
0.4587156
0.4736842
0.4478528
0.4822695
0.5584416
0.5085714
0.5841121
0.4939271
0.4577778
0.5617021
0.5368421
0.4882943
0.5050847
0.4879725
0.5052265
0.4912281
0.4871795
0.4571429
0.4314721
0.4551282
0.4817518
0.3592233
0.6372549
0.5390071
0.4829932
0.4892086
0.4645669
0.5123967
0.511811
0.5
0.5
0.5289855
0.4748201
0.4923077
0.5555556
0.4871795
0.4864865
0.4744526
0.5
0.5
0.5038168
0.480315
0.557971
0.4652778
0.5144928
0.5506329
0.5166667
0.489011
0.525
0.475
0.7304965
0.3795181
0.4568966
0.3205128
0.6621622
0.3287671
0.5555556
0.4736842
0.6896552
0.3617021
0.4925373
0.6206897
0.6538462
0.4171429
0.3865546
0.4025974
0.5571429
0.5617978
0.5327103
0.4672897
0.4680851
0.6036036
0.1066667
0.4583333
0.5416667
0.4758065
0.5
0.5241935
0.484127
0.4741379
0.4859813
0.5229358
0.4818182
0.5267857
0.531746
0.5
0.4806202
0.504
0.5467626
0.4966887
0.4755245
0.4887218
0.5
0.48
0.5238095
0.472
0.562963
0.4685315
0.5037037
0.5211268
0.5316456
0.4909091
0.5
0.5
0.4632353
0.5116279
0.5352113
0.4933333
0.4931507
0.4666667
0.5153846
0.4885496
0.5151515
0.5211268
0.5066667
0.4829932
0.5136986
0.5508982
0.4588235
0.4901961
0.4755245
0.4925373
0.5037594
0.5073529
0.4772727
0.519084
0.5177305
0.5067568
0.5398773
0.5164835
0.4918919
0.32
0.68
0.4925373
0.6206897
0.656051
0.4180791
0.3833333
0.4025974
0.5633803
0.5555556
0.5327103
0.4722222
0.4631579
0.6
0.6432432
0.4615385
0.4715026
0.445122
0.4859155
0.5576923
0.511236
0.5825688
0.4899598
0.4577778
0.5654008
0.5410959
0.4819672
0.5067114
0.5016502
0.4983498
0.4846416
0.4855072
0.4596774
0.4242424
0.4649682
0.5
0.4671533
0.5151515
0.5405405
0.4805195
0.4931507
0.4705882
0.5151515
0.4962963
0.5073529
0.5208333
0.5033113
0.4864865
0.5102041
0.5508982
0.4619883
0.487013
0.4755245
0.5
0.5
0.5036496
0.481203
0.5555556
0.4771242
0.5165563
0.5329341
0.5163043
0.4892473
0.5316456
0.4683544
0.729927
0.3865031
0.4568966
0.3205128
0.6621622
0.3287671
0.5555556
0.4736842
0.6896552
0.3617021
0.4925373
0.6162791
0.6602564
0.4180791
0.3781513
0.4078947
0.5633803
0.5555556
0.5327103
0.4672897
0.4680851
0.6036036
0.6378378
0.4611872
0.4684211
0.44375
0.4928571
0.5548387
0.5113636
0.5852535
0.4899598
0.4577778
0.5654008
0.5410959
0.485342
0.5033333
0.5016502
0.4983498
0.4846416
0.4873646
0.4578313
0.4271357
0.4551282
0.5069444
0.4632353
0.519084
0.5436242
0.4774194
0.4931507
0.4705882
0.5114504
0.5
0.5
0.5248227
0.5066667
0.4864865
0.5102041
0.5481928
0.4647059
0.487013
0.4755245
0.5
0.5
0.5036496
0.481203
0.5524476
0.4802632
0.5133333
0.5389222
0.5135135
0.4892473
0.3007519
0.6992481
0.4593023
0.4397163
0.5193798
0.5562914
0.5172414
0.5833333
0.4878049
0.4495413
0.5682819
0.5425532
0.4882943
0.5017065
0.5016949
0.4965986
0.4840989
0.4907063
0.4634146
0.43
0.4451613
0.4888889
0.4923077
0.4385965
0.5145631
0.5619835
0.4887218
0.4090909
0.5945946
0.4545455
0.5089286
0.4770642
0.5315315
0.4537037
0.5811966
0.5641026
0.4394904
0.5035971
0.4736842
0.496
0.504
0.5227273
0.4732824
0.5571429
0.4834437
0.5100671
0.5308642
0.5222222
0.4918919
0.2561983
0.7438017
0.4117647
0.4521739
0.3246753
0.6527778
0.3472222
0.5454545
0.4736842
0.6860465
0.3655914
0.4925373
0.6206897
0.656051
0.4147727
0.3865546
0.3947368
0.5714286
0.5505618
0.5242718
0.4807692
0.4680851
0.5686275
0.6441718
0.4852941
0.4705882
0.45
0.4820144
0.5592105
0.505814
0.5817308
0.5020576
0.4577778
0.5654008
0.5395189
0.4852459
0.5016835
0.5082508
0.496732
0.4864865
0.4857143
0.4603175
0.4257426
0.4658385
0.4966443
0.4676259
0.5112782
0.5405405
0.4805195
0.4931507
0.4705882
0.5151515
0.4887218
0.5075758
0.5214286
0.5100671
0.4829932
0.5069444
0.5521472
0.4674556
0.487013
0.4755245
0.5
0.4887218
0.5112782
0.480916
0.5594406
0.4771242
0.5133333
0.5333333
0.5138122
0.4918033
0.5036496
0.4963504
0.5466667
0.5204678
0.5761905
0.4979253
0.4618834
0.5654008
0.5410959
0.4802632
0.5084175
0.5032895
0.4967105
0.4828767
0.4738806
0.4478261
0.4550265
0.4625
0.4965986
0.4632353
0.5078125
0.5486111
0.4733333
0.4964539
0.4656489
0.5271318
0.4962963
0.5037037
0.5211268
0.5
0.4931507
0.5102041
0.5426829
0.4702381
0.4836601
0.459854
0.519084
0.4962963
0.5073529
0.4772727
0.5594406
0.4736842
0.5167785
0.5389222
0.5135135
0.4892473
0.6597222
0.3402778
0.5148515
0.3246753
0.6621622
0.3378378
0.5454545
0.4736842
0.6896552
0.3617021
0.4925373
0.6206897
0.656051
0.4180791
0.3833333
0.4025974
0.5633803
0.5348837
0.5445545
0.4329897
0.5058824
0.5904762
0.6536313
0.4633028
0.4739583
0.4417178
0.4782609
0.5384615
0.5416667
0.5825688
0.4899598
0.4577778
0.5521739
0.5415162
0.4845361
0.5087108
0.5067568
0.5016611
0.4793103
0.4870849
0.3684211
0.5246914
0.4551282
0.5
0.4580153
0.0625
0.952381
0.4736842
0.5
0.4705882
0.5151515
0.4962963
0.5037037
0.5211268
0.5033557
0.4863014
0.5069444
0.5521472
0.4674556
0.4903226
0.4492754
0.5193798
0.446281
0.5304348
0.5
0.5642857
0.4802632
0.5133333
0.4761905
0.5104895
0.4965517
0.07692308
0.9230769
0.3617021
0.4925373
0.6206897
0.656051
0.4147727
0.3865546
0.4025974
0.530303
0.5731707
0.5436893
0.4766355
0.3928571
0.625
0.6308725
0.5129534
0.45
0.4671053
0.4928571
0.5548387
0.4941176
0.5778894
0.508547
0.4439252
0.579646
0.5451389
0.4852459
0.5033557
0.5081967
0.4983819
0.4779661
0.4891304
0.46
0.425
0.4654088
0.5
0.4676259
0.5075758
0.5472973
0.474026
0.4965517
0.4705882
0.5114504
0.5
0.5037037
0.5211268
0.5066667
0.4864865
0.5102041
0.5508982
0.4619883
0.4903226
0.4722222
0.4925373
0.5074627
0.5036496
0.4772727
0.5531915
0.4834437
0.5100671
0.5365854
0.5191257
0.4892473
0.4084507
0.5915493
0.4473684
0.5952381
0.4565217
0.5757576
0.1230769
0.9111111
0.5232558
0.5852535
0.4879032
0.4573991
0.5603448
0.5390071
0.4916388
0.5067114
0.5016502
0.5016393
0.4760274
0.4889706
0.4615385
0.43
0.4658385
0.4966443
0.4637681
0.5151515
0.5342466
0.4765101
0.4964539
0.4573643
0.5241935
0.496124
0.5
0.5259259
0.5103448
0.4861111
0.5172414
0.53125
0.4720497
0.4794521
0.4890511
0.5
0.5037037
0.5036496
0.4732824
0.5571429
0.48
0.5135135
0.5421687
0.5135135
0.4892473
0.6382979
0.3617021
0.4603175
0.6329114
0.6732026
0.4180791
0.3728814
0.4054054
0.5588235
0.5529412
0.5392157
0.4711538
0.4555556
0.59
0.6647727
0.455814
0.4673913
0.4451613
0.4963504
0.5584416
0.5141243
0.5825688
0.4899598
0.4577778
0.5654008
0.5410959
0.4819672
0.5033784
0.5066225
0.5016287
0.4832215
0.483871
0.46
0.425
0.4654088
0.4931507
0.4744526
0.5075758
0.537931
0.4868421
0.4751773
0.4846154
0.5153846
0.4962406
0.5074627
0.46875
0.5555556
0.4827586
0.5138889
0.5460123
0.4670659
0.4901961
0.471831
0.5037037
0.4925373
0.5074627
0.480916
0.556338
0.4768212
0.5167785
0.5389222
0.5108696
0.4891304
0.1574074
0.8425926
0.4052288
0.4608696
0.3205128
0.6621622
0.3378378
0.5454545
0.4736842
0.6896552
0.3548387
0.5
0.6206897
0.656051
0.4180791
0.3833333
0.3947368
0.5714286
0.5555556
0.5327103
0.4722222
0.4574468
0.6018519
0.6428571
0.4608295
0.4680851
0.4534161
0.4859155
0.5576923
0.511236
0.57277
0.4979424
0.454955
0.5646552
0.543554
0.4834437
0.5034014
0.5050167
0.4949833
0.4843206
0.4832714
0.4560669
0.4352332
0.4716981
0.4932432
0.4710145
0.5075758
0.5472973
0.4705882
0.5
0.4705882
0.5151515
0.4962963
0.5073529
0.5208333
0.5033113
0.4864865
0.5102041
0.5508982
0.4619883
0.487013
0.4755245
0.5
0.5
0.5036496
0.481203
0.5555556
0.4771242
0.5165563
0.5357143
0.5135135
0.4892473
0.6382979
0.3617021
0.4848485
0.6235294
0.6558442
0.4195402
0.3865546
0.4025974
0.08823529
0.9142857
0.5675676
0.5
0.3913043
0.625
0.6538462
0.5114943
0.447205
0.4965035
0.2446809
0.54
0.4705882
0.7757009
0.4779874
0.5869565
0.557377
0.4867925
0.5019305
0.5167286
0.4794007
0.4796748
0.4801762
0.4930233
0.2148148
0.03333333
0.9782609
0.5544554
0.5
0.5590551
0.4740741
0.5
0.5
0.5294118
0.5135135
0.4758621
0.4926471
0.5533333
0.4713376
0.4931507
0.4146341
0.5603448
0.484127
0.5271318
0.46875
0.5620438
0.4797297
0.5069444
0.5493827
0.510989
0.489011
0.6091954
0.3908046
0.4925373
0.5875
0.6824324
0.3988095
0.3738318
0.3650794
0.4888889
0.6071429
0.575
0.5257732
0.4333333
0.576087
0.6344828
0.4972678
0.4347826
0.5
0.4964029
0.5576923
0.4852071
0.5519126
0.495
0.4734043
0.5741627
0.5402299
0.4854015
0.5232975
0.4859155
0.5123675
0.4858156
0.4944649
0.4552846
0.425641
0.4679487
0.4895105
0.4615385
0.4827586
0.5625
0.4666667
0.5
0.4661017
0.5299145
0.504
0.4919355
0.5080645
0.5227273
0.4963504
0.5072464
0.5394737
0.474359
0.4861111
0.4736842
0.5116279
0.484375
0.5193798
0.4806202
0.5539568
0.4797297
0.5103448
0.5432099
0.5164835
0.4918919
0.4362416
0.5637584
0.5409836
0.4734043
0.5781991
0.5464684
0.486014
0.5105634
0.4947735
0.5052265
0.4947735
0.4855072
0.4596774
0.4242424
0.4649682
0.5
0.4671533
0.488
0.5481481
0.4714286
0.4883721
0.4661017
0.5217391
0.5081967
0.495935
0.5343511
0.5035461
0.4817518
0.5037594
0.5705128
0.4606061
0.4829932
0.4779412
0.5038168
0.5
0.5074627
0.4769231
0.5571429
0.4693878
0.5174825
0.5460123
0.5136612
0.4863388
0.5074627
0.4925373
0.6206897
0.656051
0.4147727
0.3865546
0.4025974
0.5633803
0.5348837
0.5445545
0.4811321
0.4631579
0.6036036
0.6338798
0.462963
0.4736842
0.4478528
0.4859155
0.5576923
0.511236
0.5825688
0.4899598
0.4553571
0.5677966
0.5410959
0.485342
0.4983165
0.5083056
0.5
0.4848485
0.483871
0.46
0.4278607
0.4658385
0.4966443
0.4676259
0.5038168
0.5510204
0.4774194
0.4931507
0.4705882
0.5151515
0.4962963
0.5
0.5248227
0.5066667
0.4864865
0.5102041
0.5508982
0.4619883
0.487013
0.471831
0.5037037
0.5
0.5036496
0.481203
0.5555556
0.4771242
0.5100671
0.5337423
0.519337
0.4918919
0.3285714
0.6714286
0.4946237
0.5257732
0.4269663
0.627451
0.6502732
0.4465116
0.483871
0.4409938
0.4817518
0.557047
0.5202312
0.5813953
0.4877049
0.4541284
0.55
0.5501859
0.4896552
0.4946619
0.5
0.4981949
0.4963504
0.4867925
0.4647303
0.4343434
0.4658385
0.4966443
0.4676259
0.5112782
0.5436242
0.4774194
0.4931507
0.4705882
0.5114504
0.5
0.5037037
0.5211268
0.5066667
0.4829932
0.5136986
0.5508982
0.4619883
0.4903226
0.4722222
0.5
0.5
0.5036496
0.481203
0.5555556
0.4771242
0.5165563
0.5357143
0.5135135
0.4892473
0.4965986
0.5034014
0.5033557
0.4845361
0.4872727
0.4574899
0.4292929
0.4654088
0.4965986
0.4671533
0.5076923
0.5510204
0.4774194
0.4931507
0.4705882
0.5076923
0.5037594
0.5
0.5248227
0.5066667
0.4864865
0.5102041
0.5481928
0.4647059
0.4903226
0.4722222
0.5
0.4925373
0.5111111
0.481203
0.5524476
0.4802632
0.5133333
0.5389222
0.5108696
0.4918919
0.5405405
0.4594595
0.7518248
0.3795181
0.4568966
0.3205128
0.6621622
0.3378378
0.537037
0.4821429
0.6860465
0.3444444
0.515625
0.6206897
0.6470588
0.4277457
0.3833333
0.3866667
0.5797101
0.5555556
0.5327103
0.4722222
0.4574468
0.6090909
0.6193182
0.4784689
0.4652406
0.45625
0.4859155
0.5576923
0.5084746
0.5852535
0.4899598
0.4577778
0.5635593
0.5413793
0.4835526
0.4913495
0.4982332
0.5204082
0.4795918
0.4872727
0.464
0.4257426
0.4591195
0.5034014
0.4676259
0.5112782
0.5436242
0.474026
0.4965517
0.4705882
0.5076923
0.5
0.5111111
0.5208333
0.5
0.4863014
0.5103448
0.5487805
0.4674556
0.4836601
0.4676259
0.5112782
0.4962963
0.5073529
0.4772727
0.5531915
0.4834437
0.5165563
0.5357143
0.5135135
0.4892473
0.6710526
0.3289474
0.6621622
0.3378378
0.5454545
0.4736842
0.6896552
0.3617021
0.4925373
0.6206897
0.656051
0.4180791
0.3833333
0.4025974
0.6075949
0.5428571
0.4519231
0.4719101
0.6074766
0.6486486
0.4570136
0.4739583
0.445122
0.4822695
0.5584416
0.5141243
0.5825688
0.4899598
0.4577778
0.5654008
0.5410959
0.4802632
0.5034014
0.5083056
0.4967105
0.4846416
0.4892086
0.4581673
0.4278607
0.4625
0.5
0.4676259
0.5075758
0.5410959
0.4768212
0.5
0.4705882
0.5076923
0.5
0.5074627
0.5211268
0.5066667
0.4864865
0.5068493
0.5542169
0.4619883
0.4903226
0.4722222
0.5
0.5
0.5036496
0.481203
0.5555556
0.4771242
0.5165563
0.5357143
0.5135135
0.4892473
0.2708333
0.7291667
0.4814815
0.4921875
0.5684932
0.3615385
0.6147541
0.3243243
0.6435644
0.4758065
0.5203252
0.4666667
0.5590551
0.4892086
0.4769231
0.5539568
0.5217391
0.5058824
0.525
0.475
0.7304965
0.3795181
0.4568966
0.3205128
0.6621622
0.3378378
0.5454545
0.4736842
0.6896552
0.3617021
0.4925373
0.6162791
0.6580645
0.4204545
0.3833333
0.4025974
0.5633803
0.5555556
0.5327103
0.4722222
0.4574468
0.6090909
0.6417112
0.4520548
0.4789474
0.445122
0.4859155
0.5576923
0.511236
0.5806452
0.4919355
0.4577778
0.5654008
0.5410959
0.485342
0.5033333
0.5
0.5
0.4846416
0.4855072
0.4596774
0.4242424
0.4649682
0.5
0.4671533
0.5151515
0.5436242
0.4774194
0.4931507
0.4705882
0.5151515
0.4962963
0.5037037
0.5244755
0.5033113
0.4758621
0.5208333
0.5508982
0.4619883
0.4903226
0.4722222
0.5
0.5
0.5036496
0.481203
0.5555556
0.4771242
0.5133333
0.5389222
0.5108696
0.4891304
0.3969466
0.6030534
0.5123457
0.5585106
0.4878049
0.4791667
0.5779817
0.5483871
0.4916944
0.4714286
0.4903475
0.5261194
0.5017668
0.4836364
0.4435146
0.4331551
0.4044118
0.45
0.5714286
0.4915254
0.5827338
0.372093
0.5932203
0.4354839
0.5304348
0.504065
0.511811
0.5149254
0.4926471
0.4806202
0.511811
0.5357143
0.4230769
0.5454545
0.4961832
0.5038168
0.480315
0.5234375
0.4846154
0.55
0.4832215
0.5167785
0.5304878
0.5166667
0.3758389
0.525
0.475
0.7304965
0.3795181
0.4568966
0.3205128
0.6621622
0.3378378
0.5454545
0.4736842
0.6896552
0.3617021
0.4925373
0.6206897
0.6538462
0.4204545
0.3833333
0.4025974
0.5633803
0.5555556
0.5327103
0.4722222
0.4631579
0.6036036
0.6358696
0.4657534
0.46875
0.4478528
0.4859155
0.5576923
0.5084746
0.5852535
0.4899598
0.4577778
0.5654008
0.5410959
0.4836601
0.5050167
0.5016502
0.4966887
0.4863014
0.4855072
0.4596774
0.4242424
0.4649682
0.5
0.4671533
0.5151515
0.5436242
0.4774194
0.4931507
0.4705882
0.5114504
0.5
0.5
0.5248227
0.5033557
0.4897959
0.5102041
0.5508982
0.4619883
0.487013
0.4755245
0.5
0.5
0.5036496
0.481203
0.5492958
0.4834437
0.5165563
0.5357143
0.5135135
0.4892473
0.4019608
0.5980392
0.5060729
0.3622449
0.6282723
0.4736842
0.5443038
0.4880952
0.4810127
0.4093264
0.443662
0.5153846
0.04285714
0.9361702
0.5925926
0.5114504
0.4924242
0.488189
0.4561404
0.2972973
0.5849057
0.4150943
0.7105263
0.5178571
0.5766423
0.3629032
0.5408163
0.3375
0.6142857
0.556701
0.55
0.3125
0.7029703
0.4621212
0.5447761
0.5034014
0.5432099
0.5
0.5
0.5
0.9736842
0.6165803
0.3636364
0.1392405
0.8705882
0.645933
0.5126354
0.4661654
0.4811715
0.4010417
0.4379562
0.2771084
0.6034483
0.6195652
0.5777778
0.48
0.4893617
0.4152542
0.5701754
0.4758065
0.4869565
0.5409836
0.440678
0.5357143
0.516129
0.5761589
0.4423077
0.5106383
0.4744526
0.5
0.5
0.5149254
0.4732824
0.5571429
0.4765101
0.5034965
0.55
0.4698795
0.4693878
0.5
0.5
0.875
0.125
0.6666667
0.3333333
0.8571429
0.5
0.4545455
0.4444444
0.5555556
0.4444444
0.2
0.9827586
0.544
0.4645669
0.5354331
0.3761468
0.4675325
0.697479
0.4545455
0.5454545
0.6307692
0.5816327
0.4910714
0.4329897
0.4473684
0.6304348
0.2839506
0.741573
0.4210526
0.5675676
0.4615385
0.5609756
0.425
0.5405405
0.516129
0.5328467
0.4251969
0.2678571
0.7321429
0.5204678
0.4733728
0.4666667
0.4308943
0.6044776
0.5263158
0.5566502
0.512931
0.463964
0.5617021
0.5368421
0.4933775
0.5016722
0.5016611
0.4881356
0.4929577
0.4795539
0.4734694
0.4228856
0.4585987
0.424
0.5225225
0.5322581
0.5285714
0.4896552
0.4453125
0.4672897
0.5145631
0.5508475
0.488189
0.5267176
0.5106383
0.4820144
0.5073529
0.5605096
0.4394904
0.4390244
0.5344828
0.511811
0.5038168
0.5111111
0.4772727
0.5367647
0.4895105
0.5172414
0.5283019
0.5144509
0.4943182
0.02083333
0.9791667
0.4777778
0.5612245
0.5416667
0.4583333
0.4444444
0.6
0.4883721
0.4521739
0.5315315
0.5123967
0.4833333
0.5245902
0.4529915
0.5470085
0.4796748
0.5163934
0.503937
0.4920635
0.4789916
0.6526316
0.3473684
0.6732673
0.5
0.4848485
0.1111111
0.8947368
0.46875
0.4871795
0.3448276
0.4642857
0.4901961
0.4186047
0.64
0.3333333
0.6444444
0.6547619
0.5378151
0.4754098
0.5245902
0.4701493
0.5298507
0.4661654
0.515625
0.5416667
0.4868421
0.4861111
0.4573643
0.5
0.5241935
0.3925234
0.4939759
0.5980392
0.5378788
0.4928571
0.5140845
0.5034014
0.4965986
0.4671533
0.503876
0.488189
0.4918033
0.4957983
0.531746
0.4885496
0.5114504
0.528169
0.5065789
0.4797297
0.125
0.875
0.3333333
0.3
0.8461538
0.5147059
0.6464646
0.5259259
0.5359477
0.4640523
0.4964539
0.4656489
0.5
0.5080645
0.4919355
0.5
0.519685
0.440678
0.5905512
0.4604317
0.5223881
0.5104895
0.5166667
0.4833333
0.5166667
0.5571429
0.4765101
0.4538462
0.4732143
0.4952381
0.5272727
0.5042735
0.528
0.4923077
0.496063
0.5
0.5625
0.4563758
0.4887218
0.4628099
0.5
0.4954955
0.5
0.4859813
0.5555556
0.4583333
0.5258621
0.5378788
0.4964539
0.4890511
0.1818182
0.8181818
0.4836066
0.4485981
0.5656109
0.5318352
0.2565445
0.7351351
0.5107914
0.5069444
0.4785714
0.4924242
0.4514768
0.4308511
0.4527027
0.5109489
0.375
0.5757576
0.5808824
0.4836601
0.4825175
0.4651163
0.5081967
0.5
0.3861386
0.6213592
0.5114504
0.4962406
0.5217391
0.5384615
0.4473684
0.5142857
0.4744526
0.5038168
0.480315
0.5307692
0.4732824
0.5474453
0.471831
0.5037037
0.5466667
0.5232558
0.4915254
