2.380665
2.785031
2.128982
3.297486
2.567851
2.996702
3.457086
3.895333
3.359209
3.639598
3.084433
2.862978
3.207508
3.234092
2.712499
3.253014
3.016819
3.355928
4.073906
3.40892
3.63924
3.409828
2.60164
2.594274
2.573517
2.342364
2.17455
1.874212
2.142033
1.996397
1.864356
2.631347
2.323698
2.134815
2.382174
2.597406
1.934609
1.734241
1.852539
1.75607
2.191598
1.040393
1.787044
1.238529
1.319849
1.478846
1.003789
1.339612
0.6751719
0.8390277
1.723047
1.363979
0.8233482
1.652663
1.82585
1.491525
1.347548
1.752579
2.29146
1.623635
2.165306
1.561747
1.976509
1.891173
1.462892
2.035573
1.793601
1.618414
2.041106
1.749488
1.925787
1.846276
0.3275022
0.4325527
0.1719405
0.3582622
0.6684505
0.9939944
0.798586
0.2618587
0.4165948
-0.01049166
0.7448051
0.4687596
0.109533
0.2385171
0.4004704
0.3298203
1.084357
-0.0268728
0.5366322
0.5810506
0.2539014
-0.296173
-0.11537
0.08778015
0.09557008
-0.01691221
-0.1590535
0.4676432
0.0462106
0.4838733
0.03146508
-0.02653259
0.07538002
-0.1059935
0.05160216
-0.1100475
-2.540731
-2.689612
-2.787697
-2.046914
-2.569768
-1.859808
-2.254719
-2.58623
-2.223309
-2.011337
-2.547121
-2.29331
-2.198618
-1.578436
-1.754554
-2.309897
-1.601784
-1.559648
-1.729127
-1.888954
-1.937474
-1.640499
-1.775535
-1.305694
-1.302379
-1.390675
-1.27386
-1.665705
-1.985734
-1.469244
-1.83185
-1.765028
-2.12206
-1.843362
-1.860453
-1.624428
1.102517
1.214763
1.351637
0.6907255
1.638353
0.4576588
0.1403117
0.5207846
0.512347
-0.2249906
0.03332835
0.9763096
0.4344621
1.046668
0.3002872
0.2926277
0.3929449
0.151308
-0.2261629
-0.2024544
-0.9991351
-0.007045335
-0.288906
0.3013868
-0.3594421
-0.1788418
-0.2669203
-0.640191
-0.2176681
-0.113526
0.1085752
0.3621319
0.5075635
0.6830885
1.565748
1.292628
0.6550936
1.095641
1.176113
0.9186825
1.2414
0.3724498
0.5265051
0.8251319
0.8564749
1.286308
0.3690469
0.7365157
0.6742731
0.379095
0.5015769
-0.01451445
-0.2163657
0.2571199
0.4288649
0.2223464
0.2882834
0.3444969
-0.2333212
-0.2458827
-0.1564799
-0.1808491
-0.1786516
-0.6144882
0.08467937
0.005638941
-0.3694874
-0.1666019
-0.2925005
0.04628182
0.5739099
1.01205
1.089752
0.7110924
0.8096245
0.393849
0.2901908
0.3585297
0.05588561
-0.4091998
-0.4471432
0.184675
0.1574145
0.6414989
0.3630307
-0.471404
-0.3671968
-0.1307476
0.01073056
0.02549
-0.2845565
0.3348719
-0.5668555
-0.7938227
-0.4492402
-0.6493835
-0.1828304
-0.3664229
-0.434265
-0.2943299
0.1191601
-0.3654121
0.2068363
-0.2877186
0.2811093
0.2447756
0.2402437
0.2211713
0.3664121
0.005473337
-0.05579801
1.015042
0.1980299
-0.3538442
-1.08901
-0.4829781
0.07284728
0.0668554
0.1593631
0.08573067
0.2855258
0.6076637
0.7107165
0.8088842
0.6311301
0.4271515
-0.1764698
-0.08862954
-0.6806563
-0.6836476
-0.5144939
-0.6345483
-0.2782455
-0.3296008
-0.4191603
-0.2499626
-0.2119264
-0.06208248
-0.8012706
-0.3434072
-0.4355218
-0.2085157
0.7094894
0.8131696
1.129102
0.7962664
0.5570349
0.6948041
0.7389869
0.7121265
0.2470137
-0.3577483
0.3827132
-0.1058713
-0.07271209
0.4597726
0.8944781
-0.01618132
0.2921098
0.4139918
0.3374927
0.2212664
-0.3563974
-0.401974
-0.5439005
-0.2765656
-0.545115
-0.2948024
-0.3193797
-0.4169073
-0.193362
0.2909348
-0.3217224
-0.4336232
0.05684108
-0.02406394
-0.02654972
1.096249
1.307403
0.1252157
0.216103
0.6187977
0.153288
1.173427
1.463685
1.009715
1.218264
0.6646682
0.6489286
0.4046356
-0.2852872
0.234431
0.1132344
0.2764197
0.4887809
0.1990103
-0.4141812
0.02593216
-0.3052081
-0.6838646
-0.4747376
-0.7367577
-0.5960947
-0.4161406
-0.2895407
-0.4767849
-0.7662164
-0.4363371
0.5071993
0.595198
-0.5415898
-0.1216297
-0.5534114
-0.1358162
-0.08608859
0.2567118
0.726975
0.9967005
1.241282
0.9537142
0.4330763
-0.2273331
-0.01533665
-0.04487558
0.2876928
0.02928433
0.03948072
-0.4481441
-1.109941
-0.6991025
0.2538577
-0.190584
0.09605377
-0.5888149
0.7560107
0.7114943
-0.3437878
0.4920552
-0.5080016
-0.4129306
0.4276691
-0.219003
-0.07771956
0.0009474092
-0.06898357
-0.1081574
-0.02807605
0.1133912
-0.06995897
0.3398165
0.8207863
0.4234572
1.175961
0.4070208
1.255314
0.07464247
0.4269985
0.514932
0.6659549
0.04903955
-0.1355886
0.376384
0.2907308
-0.5872196
-0.2724176
-0.8132702
-0.9232115
-1.047194
-1.351435
-0.761492
-0.2799279
-0.6052437
-0.7745248
-1.058905
-0.280487
-0.1485346
-0.1644447
-0.03937838
-0.1254293
-0.5108724
-1.134825
-0.697475
-0.5979984
0.05207102
0.09537475
1.643235
1.110936
1.290292
1.099451
1.061046
0.4322436
0.3376384
0.471202
0.4858051
0.4665962
0.1663475
0.5993474
0.3477162
0.1618653
0.6196574
0.7224532
0.5103506
0.3976436
0.5374401
0.5738655
0.01500209
0.2441474
-0.3725008
-0.6301171
-0.4691739
-0.6455893
-0.7386816
-0.2272281
-0.6404727
-0.7499058
-0.4310075
-0.6244557
-0.3444775
-0.4674483
-0.5012225
-0.5810799
0.04483668
0.7483487
1.205627
0.8147994
0.6337676
0.4762803
0.4933517
0.964286
0.5009
0.7677029
-0.3086933
-0.8696694
0.1166931
0.1725843
0.5030826
0.1492503
-0.6972956
-0.8363542
-1.253485
-0.2992886
-0.2128962
0.08487609
-0.352481
-0.1735639
-0.3137901
-0.4635149
-0.4020927
-0.213643
-0.5024304
-0.1919815
-0.07039476
-0.1697696
-0.1431425
-0.2466633
-0.2419389
0.1002895
2.138677
2.694165
1.292407
1.255366
0.83874
0.9374284
0.8289739
0.9427231
0.2940461
0.2034826
0.2456103
-0.2854946
-0.3402144
-0.2612536
0.2321713
-0.6414635
-0.08485318
-0.1913081
-0.1317841
0.008891343
-0.4216982
0.04383011
-0.4159948
-0.5015443
-0.1678537
-0.5864415
-0.5752386
-0.07642983
0.07231249
0.1707237
-0.2032739
0.201237
-0.0510513
-0.05129461
-0.4316873
-0.5961714
-0.3146294
-0.3094917
-0.5037788
0.1249962
-0.793954
-1.028221
-0.4516779
-0.349125
-0.09635791
-0.2641746
0.1544989
0.2459271
0.3159676
-0.2632358
-0.636895
-0.2165774
-0.6725616
0.1290388
0.3536829
0.3360041
0.01451253
0.1649037
-0.1061651
0.3144772
0.1370032
-0.004300715
0.0574398
0.1287005
0.09835546
-0.1246547
-0.01549507
0.1393936
0.4943231
0.454287
0.5227416
0.840272
1.007929
0.7514457
0.8669976
0.5922735
0.2413109
-0.3941118
0.3812698
0.5994145
0.1427446
0.1623976
0.4130539
0.4092844
0.4742527
1.381319
0.5973823
0.3416566
0.04964983
0.5754344
-0.1936227
0.04497579
-0.2721165
-0.06144837
-0.2491228
-0.5840893
-0.3790289
-0.2720274
-0.1604463
0.0566344
0.3659545
-0.02822932
-0.135221
0.2190527
-0.149668
0.2107777
1.298035
0.7681728
0.6098517
0.5623585
0.8583951
1.625308
-0.1003521
-0.01311457
-0.03093162
-0.5658779
-0.09919907
-0.1273928
-0.090142
-0.3793355
-0.2170129
0.1854954
0.208038
0.5027104
0.6340262
1.122803
0.8732391
0.5866757
0.3713544
0.6922396
0.180192
0.1083034
0.03302119
0.05710366
0.4517011
0.8008061
1.003244
0.5821252
0.7814525
0.8986037
1.467769
1.790726
1.258923
0.9419724
1.266229
0.4324155
0.9852624
1.032279
0.6222837
0.2601032
-0.3159367
-0.1429986
0.1203905
0.7894732
0.136123
0.1835191
0.08516701
0.4430806
0.02386208
0.6896569
0.2935369
0.6044049
0.5412655
0.07039326
0.381425
0.4856476
-0.0193211
0.01253191
0.4060218
0.2493213
0.657175
0.5419112
0.4713417
0.9121496
0.8135663
0.6531264
1.521045
1.822697
1.140952
1.282865
1.819645
1.678867
1.296648
1.111909
1.072251
0.3871126
-0.092851
0.1022547
0.01780078
0.7180628
0.6290743
0.2862296
0.7452357
0.7424733
-0.01626879
0.9677842
0.4220009
0.2718385
0.5249002
0.6686705
0.3994359
0.3723038
0.3996615
0.5325898
0.4246711
0.1928512
0.2380409
0.2724428
-0.2229666
-0.1032852
-0.2050521
-0.3497751
0.0305756
-0.4443937
-1.836621
-1.190658
-1.377988
-1.755674
-1.236449
-0.5820983
-0.9705017
-1.60489
-0.73462
-0.5341382
0.2627177
1.3787
-0.386842
0.2408969
0.04508929
0.1238792
0.7302206
0.07150023
0.5981109
0.7109075
0.7869502
0.6003443
0.4681303
0.9071631
-0.386215
-0.3113306
-1.185756
-1.243132
-1.936861
-1.481775
-1.524503
-1.705437
-1.510242
-2.019224
-1.263829
-1.504002
1.273571
0.9472161
1.326698
1.675979
1.887004
1.716617
1.103811
1.372206
0.3787015
0.5142907
0.1968073
1.578182
0.2836768
0.6308532
0.4935596
0.7189991
0.8427308
0.9142573
0.3265928
0.8910339
0.5580927
0.7159429
0.1931046
-0.01165115
0.1177905
0.3683998
0.1163444
0.06446488
0.2843093
0.04976519
0.5812501
-0.01328032
0.1940119
0.1434868
0.4703752
0.2445582
0.04957896
0.6405974
0.6164904
1.057479
0.040539
-0.5145031
0.2629223
0.4235745
0.9165198
0.724463
0.6234457
0.934064
0.5734598
0.3867944
-0.1592851
-0.3581397
-0.8592007
-0.05394668
0.2127879
0.3443171
0.2359993
-0.01328751
-0.07146323
-0.131478
0.3410663
0.1089829
0.3860051
1.275242
1.000336
1.368872
1.100075
0.8253623
1.422505
0.4203654
1.09241
0.4745014
0.7609849
0.6614651
0.6073082
0.4864381
0.2271763
-0.1903891
0.03865947
0.2143682
-0.355976
-0.5154343
-0.2980649
-0.8196637
-0.3215743
-0.4902542
-0.6032602
-0.6277297
0.02094225
0.08848321
0.4173255
0.7952815
-0.009827048
-0.1815567
-0.4275054
0.1399831
-0.01876415
0.1853042
-0.02388089
-0.1041638
0.2306772
0.5349707
0.8742225
1.256124
0.8248764
0.1302354
0.5268189
0.226974
0.3360168
0.5018903
0.4809505
0.6684316
-0.007544221
0.4921974
-0.02497095
-0.2108383
0.1328125
0.2138522
-0.2587606
-0.05943887
0.4938207
-0.004612082
0.2078281
-0.5901381
-0.495881
-0.5668839
-0.3468022
-0.04146389
-0.4676073
-0.6466001
-0.7100185
-1.498517
-1.730037
-1.712752
-1.31252
-1.538436
-1.802282
-1.413897
-1.206021
-2.014816
-1.609702
-1.593412
-1.532912
-2.096222
-0.529113
-0.1475468
-0.3424391
-0.4856704
-0.7441088
-0.2069278
-0.9496588
-1.250051
-0.8574893
-0.7265871
-0.2014606
0.4506109
0.2832208
0.2206465
0.1432064
-0.03323007
0.1010307
0.005657721
-0.3245376
-0.1530312
-0.5738554
-0.8796281
-0.3823904
-0.3418923
-0.4832931
-0.753122
-0.6386386
-0.7261028
0.04831471
-1.007259
-0.3526612
-0.8090393
-0.7977995
-0.2080987
-0.9095582
-0.4906779
0.08014003
-0.4880466
-0.1605221
0.08002598
-0.1305258
0.4982045
-0.5549703
-0.09912968
-0.4692292
-0.06669505
0.3294978
0.1824113
0.04556937
0.1373293
-0.09374144
-0.1341938
-1.096953
-0.1623144
0.5800493
-0.5988844
-0.6437961
-0.7586859
-1.056653
-0.2823326
-0.2121933
-0.5332612
-0.9848196
-0.3879673
-0.4417629
-0.8434835
-0.6372385
-0.4736723
-0.8599798
-0.7788827
-0.6634346
-0.5005617
0.6275309
0.2755948
-0.1414907
0.204356
0.02180689
-0.1497168
0.1262414
-0.7294203
-0.3532124
0.1643237
1.003288
0.000644013
0.4090389
0.1191079
0.130581
0.03321343
-0.2741285
0.4494385
0.3557493
0.05356853
-0.08204915
-0.1083516
0.05261086
-0.3239001
-0.647231
-0.5139007
-0.5954218
-0.5329196
-1.333598
-1.329236
-1.407035
-1.688914
-1.17836
-1.02461
-0.8794114
-0.6998941
0.9997698
0.5926244
0.3098528
-0.03189084
-0.2011495
-0.1557165
-0.5021339
-0.4994743
0.04302235
-0.130722
0.2627184
0.3261508
0.2756586
0.3778924
0.7023397
1.055239
0.5035759
0.9124895
0.5909682
0.4546646
1.155824
0.6317224
0.2070747
0.1965393
0.8774167
0.5241617
0.152792
0.3487891
0.231905
0.6157048
0.881709
0.5551466
0.9089636
0.3686235
0.7065997
0.5680739
0.8884672
0.5297348
0.6340919
0.01872695
-0.01842039
-0.2734417
-0.1663156
-0.2143284
0.1622264
-0.6830298
-0.03202267
0.007615546
0.4070964
1.009236
0.8183482
0.109097
0.9990495
0.8105876
0.2262798
0.2806155
-0.3602507
-0.224474
-0.1956652
-0.2853441
-0.1907975
-0.2095291
0.01455001
-0.4385008
-0.5714863
-0.4924856
-0.7957331
-0.555082
-0.002248208
-0.1309316
-0.01047505
0.3347731
0.2912622
0.6688323
-0.1065568
-0.1934978
-0.4213523
-0.6458564
-0.8823413
-0.5610206
-0.6311434
0.328195
-0.1810338
-0.2194217
0.1587654
0.3477459
0.2880765
0.6457377
0.5464709
0.7162266
0.1838964
0.03005991
-0.04981246
-0.4762982
-0.05653635
0.02555213
-0.4755435
-0.1634047
-0.7591565
-0.7104214
-1.07596
-1.045024
-1.415749
-1.63124
-2.101671
-1.935126
-1.792125
-1.742475
1.844288
1.358021
1.023689
1.183339
1.077134
1.331338
0.6147139
0.8790116
0.643681
0.923134
0.3881907
0.4946209
0.758158
0.131903
0.6307205
0.7451801
1.478814
0.6511175
0.3213212
0.1988103
0.1698056
0.07744547
-0.2485138
0.1937808
0.1088554
0.09114622
-0.06566755
0.02958412
-0.1941169
-0.07759113
0.5261061
0.9732339
0.3898637
0.03493558
0.4929035
0.5319364
0.5828801
0.4719323
1.18614
1.010881
0.9447811
1.105133
0.7452089
-0.3167134
0.4966458
0.3613322
0.5952152
1.378882
0.1899683
0.8032895
0.7481482
0.2758157
1.052843
1.248914
0.4249765
0.6874323
0.05410177
-0.1366238
0.142235
0.06297825
0.1232799
-0.02743118
-0.05075695
0.1515158
-0.2411542
-0.07827569
0.02651149
0.06592022
0.2198221
-0.2778052
-0.1355562
0.02806846
0.2048674
0.5874432
0.2002424
-0.03934223
-0.3486236
-0.5682702
-0.3113016
-0.2856735
0.3334655
1.503106
0.8806049
1.27094
1.702329
1.653433
1.361014
0.7611446
0.6616887
0.5124538
0.3942835
0.4080245
0.9232724
0.224364
0.3927572
0.6816224
0.4426043
0.4083044
0.155365
0.6021135
0.03916278
-0.03578275
0.4793543
0.1131006
0.1872636
0.04832798
0.6198883
0.107145
0.6149486
1.160966
1.011664
1.027625
0.3902763
0.01339244
0.08226584
0.6059276
1.080408
0.912751
0.6783751
0.5894033
0.05028702
-0.007681758
0.6681199
-0.2191924
0.0999843
0.7070712
-0.02403651
0.584407
0.5230888
0.00599224
0.08649899
-0.143279
0.1605949
0.1960805
0.3981138
0.4663247
0.01564501
-0.2300929
0.2061387
0.01000497
0.250034
-0.2779968
-0.1954192
0.1331517
2.113519
2.353961
2.404362
2.081527
1.531496
1.706324
2.169035
2.346208
1.101679
2.04914
1.108783
2.021857
2.781634
2.228269
1.408058
2.08716
2.248859
1.573718
1.921105
1.601297
1.152903
1.120042
0.7707026
1.200382
0.5955179
0.7731625
0.9400875
0.701909
0.7529212
0.5128954
0.6801712
0.8950469
0.9124813
1.099987
0.8030364
0.5308429
1.416339
1.656286
1.557412
1.079109
0.7107639
0.7545654
1.161607
0.8808954
1.789492
1.809605
1.917481
1.354523
0.9007917
0.3959111
0.8828458
1.071799
1.173617
0.6151282
0.9795309
1.030347
1.103469
1.345738
0.9905902
0.7322456
0.3210802
0.7301883
0.6184106
0.8557242
0.5369882
0.7835095
0.8707391
1.145586
0.7817259
0.9387956
0.4880366
0.4998373
1.738634
2.191435
1.659894
1.949293
2.006985
1.867916
1.98518
2.382854
1.957522
1.861339
1.470439
1.519282
0.6404185
0.7338502
1.03308
1.268089
1.193414
1.560168
1.0878
1.321526
1.285779
1.009001
1.123905
1.287657
1.143093
1.249522
1.534908
1.063371
0.6482477
0.8285713
0.7804745
1.033779
0.4558933
1.316983
1.353969
1.04965
2.484583
2.660798
2.137107
1.969817
2.012147
1.571002
2.127871
1.764857
1.833285
1.597291
1.277918
1.689026
1.909251
1.356689
1.112316
1.413221
1.230871
1.50354
1.338789
1.560116
1.475186
0.8672528
1.018586
1.210311
1.101084
0.841342
0.8514095
0.6911347
0.8649552
0.6778347
1.604248
0.6729082
0.8906255
1.100262
0.2669613
0.8744981
1.438381
2.36983
1.926518
2.267927
3.040467
1.651679
1.775744
1.677073
1.702836
2.216729
1.836895
1.184593
0.02281399
0.9303972
1.181346
1.684318
1.858908
1.288004
1.3578
1.787025
1.161633
1.490374
0.732472
0.7267048
1.361244
0.8975591
0.9716356
0.6953665
1.500251
0.3149347
0.9893185
0.7183479
0.7172683
1.227865
0.5756839
0.9136746
2.578254
1.867508
1.982732
1.439095
1.750032
1.743461
2.525282
2.290964
1.85072
1.203388
1.254682
1.742297
1.582788
2.227588
1.297226
1.366267
0.6981363
0.9142637
1.616796
1.568317
1.314311
0.6366584
1.095505
0.9123748
0.7536459
0.7912365
0.9704745
1.14839
0.4144343
0.4280144
0.8428316
0.5647081
0.9096001
0.5040103
0.4711884
0.7275561
0.5821085
1.3402
1.486594
1.310263
1.447969
1.295035
1.740238
1.419469
1.400899
1.405575
1.297461
0.5800499
1.218611
0.7537923
1.088386
1.094591
1.035942
0.8534296
0.7530797
0.3557328
0.8833136
1.152317
1.160853
1.23286
0.3386718
0.6601558
0.5649998
1.054459
1.323135
0.759688
1.048891
1.841362
1.436765
0.8481975
0.283308
0.7718025
1.21449
1.753335
1.085663
1.055431
1.260971
0.9852536
0.7154798
0.967354
0.6324617
0.9383423
0.573047
0.7521572
0.404937
1.042985
1.181971
0.4924434
0.8151863
0.7999929
0.5420021
1.731232
1.176822
0.5017097
0.7747568
0.6979641
0.7698271
0.3849718
0.5927837
0.4799649
0.4833901
0.78612
0.7179231
0.6364723
0.856542
0.9735659
0.3258828
0.6222294
1.327059
1.537422
0.9227522
1.054439
1.260355
1.007318
1.371413
0.830193
0.7084909
0.9232539
1.432518
1.502969
0.536159
0.9221531
1.077888
1.54774
1.476874
1.354638
0.7090395
0.7355615
1.578066
0.7584781
1.27666
0.6450229
0.6533481
0.4967983
0.3722031
1.309524
1.16946
0.6030253
0.7711122
0.5681181
0.9465818
1.051274
1.025483
0.4884586
1.283052
1.083504
1.155121
0.5314349
0.917291
1.336349
0.679673
1.030401
1.341445
1.170892
1.130673
1.446015
1.258776
1.295375
0.8579192
1.123775
1.079706
0.5631876
0.3843196
0.7209958
1.191555
0.6512761
0.7102556
1.033046
-0.03875792
0.7832563
2.275043
2.070117
2.015203
2.603686
2.649156
2.20726
1.982296
1.563937
2.325863
0.8812309
1.598547
1.544533
0.8729992
0.8021623
1.651593
0.4761493
0.5327255
1.368403
1.428463
1.5761
1.048878
1.003688
1.164208
1.54244
0.8734734
0.4065197
0.8470042
0.3311035
0.8271763
0.4914293
0.4152
0.8535628
0.8413081
1.119198
0.7472277
0.7351463
1.407037
1.518768
1.466711
1.355065
0.4153648
1.195899
1.175246
0.713875
0.8976042
1.257466
1.465036
1.258105
1.500583
0.4469756
1.009961
0.7420083
1.110238
0.7980205
0.9906963
0.6753245
1.245323
0.6479386
0.9173737
1.302896
0.8493161
0.9429897
0.5466682
0.6779538
2.431068
2.558298
2.13
2.455072
1.709636
1.583952
1.773843
2.045811
-2.233961
-2.729464
-1.676746
-1.999062
-1.498439
-1.361528
-1.191541
-2.33538
-2.505053
-2.219577
-1.994947
-1.677161
-2.189143
-0.8237887
0.1098086
0.08928368
0.2695737
0.7329007
1.213358
0.7898798
0.9641281
1.170326
1.226083
1.492823
1.379938
1.534615
0.9329957
2.178104
1.557149
0.9267959
0.9424785
0.7078518
1.153881
0.8139379
0.8365236
0.4271113
1.069353
1.317212
1.297483
0.8130473
0.9098086
0.6264853
1.163182
0.8773999
0.977479
1.262847
0.9533115
0.7141292
0.1910479
0.3004749
1.017285
0.8911386
1.224072
0.8938555
0.5813549
0.5280641
0.8155131
1.08897
0.8805993
1.209155
2.031064
1.431577
1.207918
1.239818
1.371092
0.4422994
1.391941
0.6247525
0.8401715
0.8143315
0.9193265
0.3300991
0.9299257
1.132708
1.252326
0.3147215
0.1840508
1.168042
0.753724
-2.34994
-1.998527
-1.887913
-1.661525
-1.217394
-1.756513
-0.8011384
0.4917444
0.6052702
0.8184559
0.5405587
1.522364
0.7345752
0.628197
1.552832
1.05109
0.8973579
1.590537
1.689438
2.416156
2.078175
1.411591
0.8017666
0.5182469
0.9189502
0.8033958
0.7800233
0.8881325
1.057116
0.8707926
1.072983
0.7709474
0.8458788
0.7635882
0.2611718
1.14922
-2.233809
-1.854418
-2.719764
-1.828899
-1.588577
-1.677895
-1.121207
0.008481719
1.548776
1.641298
2.191803
1.969635
0.8550839
1.31447
1.173378
0.9397149
0.5535858
1.776569
1.910915
0.8504249
1.1858
0.3110544
1.234369
1.342869
0.623149
1.230305
1.204594
1.168867
1.080763
1.046783
0.7900622
0.5912859
0.839375
1.266414
0.7843518
0.3716251
0.9822374
0.9167934
0.8657159
0.5331656
0.8910981
1.546941
1.280238
1.687286
0.8604725
1.803874
0.9611791
1.024713
0.9068275
0.7596601
0.6377089
0.7653392
0.8344565
1.130441
0.6538798
0.8282285
1.090556
0.592386
0.7418246
0.68805
0.7360319
0.9047822
2.720739
1.726717
1.215352
1.991829
2.012549
1.635263
1.725118
2.159762
1.637225
1.72527
1.108443
1.174107
0.752278
1.199845
0.5779725
1.038127
1.295151
2.172214
1.350428
1.431074
1.241561
1.604326
1.136771
0.4451402
0.5279821
0.9170902
0.9772032
0.869427
0.8124319
0.627416
1.006572
0.797228
1.065105
0.8353958
0.6452745
0.9270149
1.219385
1.444882
1.46197
0.5438658
0.9750116
1.378851
0.9066807
1.297122
1.595775
1.816278
2.292726
1.489993
1.193381
1.097869
1.157475
0.9033008
0.8738095
0.9473546
0.8264276
0.8435755
1.034177
0.7943185
1.037343
0.7596252
0.7026715
0.9607324
0.01518064
-0.2501995
0.02413661
-0.2383604
0.6203068
0.009665817
0.9332905
0.5749624
0.6549848
0.641251
1.020516
0.935265
0.7275936
0.5130471
0.3673482
0.5384311
0.5466623
0.4720367
1.737437
0.7925413
0.2795502
0.2566836
0.1395551
0.5320697
0.2663654
0.4316827
0.4597169
0.5091338
0.3258672
0.1952697
0.2902176
0.02464088
0.3807803
0.486373
-0.2766907
0.1319078
-0.6910678
-1.292576
-0.4696698
-0.5626116
-0.2752321
-0.9175407
-1.033913
-0.8683066
-0.04222345
0.4611969
0.4448228
0.6544143
0.09725587
0.4225033
0.2895036
0.3483758
0.8865055
1.714432
1.87517
1.719232
0.8603143
0.9893518
0.7987779
0.7447562
0.5751884
0.6550716
0.3711239
0.3022379
0.9016979
1.242119
1.249058
1.122271
0.7561557
0.9902341
0.8903197
0.5801136
0.9441679
0.9483644
0.9192404
0.4560682
0.5210466
0.6910707
0.7814527
1.261649
0.8798132
1.102768
0.6983673
0.7424175
0.7614472
0.8805188
0.003792962
-0.1475275
0.2947405
0.008008206
0.2622624
0.4162024
0.3865533
1.072498
1.516308
1.262626
0.8503616
0.7893856
1.093499
0.9878008
0.6000711
0.8926275
0.9119547
1.061634
1.059649
0.9058893
0.7591635
0.900803
0.4179691
0.9226136
0.6558098
1.01304
1.139615
1.55753
0.3921064
0.7077646
0.7068137
0.1531572
1.315802
0.01406035
0.507112
1.172377
0.9027919
1.372116
0.8546771
1.228951
0.9487069
0.8099733
0.9176177
0.7848209
0.164655
1.234275
0.8536733
0.4477204
0.6288845
0.8901828
1.080309
0.478936
-0.4871967
-0.5402342
-0.3835209
-0.7141477
-0.360975
-0.4143275
-0.306221
-0.2659546
-0.5209005
-0.741361
0.05989087
1.065064
1.610967
1.446048
0.9730742
1.268739
1.047484
0.7381432
0.6006794
0.6701225
0.819069
0.6613361
0.575961
0.4910691
1.049386
0.5380814
0.09790983
0.4483248
0.3309476
0.2310352
0.2468495
-0.1616788
0.5327126
0.5661133
-0.09834627
1.079472
1.169604
0.9265528
1.194851
1.051755
0.6000989
0.7041361
1.095649
0.9207176
0.8787065
0.4901175
0.6658717
0.9327718
0.7074219
0.7558562
0.5227281
0.5828701
0.7983367
0.6434688
1.653782
1.441627
1.444153
0.8940627
1.154815
1.335846
0.5055473
1.375354
1.157957
1.778546
1.281128
1.129564
1.218823
1.248357
0.5775361
0.9982816
1.014618
0.8704342
1.230479
0.7156106
0.9898978
0.9350744
0.8357454
0.4865797
0.8927677
0.6748713
1.09959
1.596193
0.464276
0.814438
0.7199175
1.141384
1.581364
0.9365431
0.6022333
0.5411579
1.423805
1.394877
1.111358
1.582875
1.979464
1.080929
0.7643477
1.192831
1.503389
1.199566
1.36589
1.322248
1.141485
0.8840285
0.9644665
0.649527
0.9310248
0.944146
-0.2876124
0.6807371
0.8038963
0.8541522
0.4379284
0.6459461
0.2847589
0.5299711
0.9580102
-1.121411
-1.281655
-0.7079004
-0.7675688
-0.9541054
-0.8489664
0.09342496
-0.827782
-1.506699
-0.6573523
-0.1537717
-0.02417068
0.06858041
0.06692779
0.3246315
0.6220207
-0.2516719
0.7165735
0.5518171
0.3505054
0.7142136
0.4101803
0.6119958
0.3706806
0.3567951
0.3493905
0.2655967
0.2809457
0.1608436
-0.06968284
0.3158129
0.2391363
0.51462
0.3301435
0.1360944
0.2894479
-1.598166
-1.581382
-1.430106
-1.584072
-1.16082
-1.573988
-1.364852
-0.5563927
0.9273271
1.23823
1.141051
1.018253
0.6710387
0.6265893
0.5382435
1.703084
1.631162
1.084035
1.806429
1.119333
1.609965
1.101211
1.004781
1.145314
0.5456007
0.8309996
0.5029058
1.091007
0.577159
1.230606
0.8959413
0.9853974
1.000817
1.093056
0.5396404
0.4685903
1.674116
1.732693
0.7026178
0.6325297
0.5006836
0.4222592
0.3221939
0.4260396
0.4195591
1.307882
1.53309
0.2579628
0.7044901
1.182295
1.400107
0.7280957
0.5213382
1.101442
0.8994641
1.049935
0.9278979
0.9509143
1.320609
1.197813
1.53352
0.6826046
1.004441
-1.268656
-1.080479
-1.013955
-1.223293
-1.42971
-1.586501
-1.573528
-0.3827871
0.6527756
2.079864
1.618136
0.8072681
0.3530214
0.1385729
0.7406323
0.907761
1.78525
1.813829
1.532039
1.86497
1.395545
1.109797
0.9780808
0.9295746
0.7682897
0.9617759
1.219265
1.120202
0.855703
0.9670271
0.9704498
0.3805251
0.5706651
0.6293051
0.9473676
1.031226
-2.05009
-2.661668
-1.706545
-1.567308
-1.861899
-1.829528
-2.151207
-1.305645
-0.08214785
0.7264118
0.9821276
1.146578
0.7290331
0.1308776
0.264185
0.03272585
-0.01194775
-0.9112016
-0.2493363
-0.1142765
0.297786
0.06842274
0.409471
-0.4256813
-0.5342463
-0.4010594
-0.1892275
-0.1080988
-0.1717513
-0.04827867
-0.28922
-0.328653
-0.3302441
-0.5381751
-0.0155525
-0.257551
1.02881
1.361462
1.82133
1.612518
0.6571913
0.5020178
1.482071
1.946621
2.610202
1.382776
1.635858
2.102464
1.037365
0.5381011
1.157548
1.130492
1.105553
0.9747212
1.181528
1.071807
0.9040772
0.3534653
1.188906
0.9964716
0.6744919
1.433647
1.022443
0.6839543
1.077482
1.07339
1.281025
1.765875
1.817029
1.861472
1.402983
1.292741
1.347445
1.103855
2.257969
1.607483
1.257324
0.9708955
1.057336
1.167964
0.9490423
0.9080759
0.7785134
0.8198893
0.8791142
0.6669553
1.070342
0.8427598
1.464331
1.305933
0.8843992
0.5333815
1.81926
1.455094
1.313188
1.115523
0.6420279
0.9117965
1.511924
1.304663
2.053476
1.972886
0.8098521
1.20936
1.356419
0.5604002
0.8004819
1.137878
0.7035678
0.5404833
0.8843132
0.5604233
0.9481763
0.8034102
1.001701
0.8867607
0.9919321
0.9709007
0.7355323
0.5936065
-1.876936
-1.739201
-1.897805
-2.159737
-1.640001
-2.698968
-1.938856
-1.229607
0.4273198
0.3846064
0.1235257
0.2295631
-0.3833575
-0.3893466
0.7437805
0.8025961
0.3054338
0.2869893
0.7568458
0.7731235
0.2628997
0.1436961
0.6790543
1.025708
0.974689
0.614677
0.7088319
1.197784
0.8686085
1.201499
0.7809245
1.016108
0.7386567
0.8974886
1.218108
0.8842751
-1.870796
-2.11253
-2.036492
-2.522818
-2.017893
-2.067812
-2.361824
-1.512041
0.06834237
0.7125008
0.430615
0.2313978
0.5087488
0.2866039
0.1491954
0.05746106
-0.9542032
-1.230216
-0.2388337
-0.5120991
-0.8771509
-0.9304721
-0.9883437
-1.132587
-1.407119
-1.175406
-1.324846
-0.9286424
-1.536752
-1.755051
-0.9597068
-0.7335397
-1.407298
-1.807564
-1.559699
-0.3643382
0.5828601
0.6599898
1.000414
0.07980772
0.2818506
-0.1285583
-0.4348903
0.01888595
-0.105638
-0.2059903
0.06637542
0.3726696
-0.4054584
-0.275247
-0.5640437
-0.2803074
-0.19525
0.01478618
0.01521722
-0.561663
-0.2459629
-0.4454831
-0.10027
-0.1313613
-0.2246895
0.1764376
0.2776568
1.195611
1.178481
2.506216
2.617131
2.192576
2.268228
1.594936
0.6678225
0.7140765
1.757765
0.6376419
0.4605906
0.6819473
0.4947767
0.02953531
0.4688108
0.7241112
0.918821
0.6394525
0.751559
0.8270956
0.5022266
1.026937
0.601138
0.8247144
0.4968158
-0.47097
-0.297146
-0.1762784
-0.4266035
-0.4468259
-0.1388999
-1.130474
-0.8681906
-0.7694625
-0.3986227
-0.3454511
-1.068949
-1.459427
-1.227776
-0.9696554
-0.8648295
-0.7763368
-0.709089
-1.064278
-0.8905117
-0.1344969
-0.1797936
-0.9515878
-0.8045607
-0.7424055
-0.3190371
0.02316131
0.01186319
0.09640819
0.2107179
-0.0415329
-0.2094656
0.4942852
0.8314432
0.471543
0.9611895
1.251765
1.236388
0.8199506
0.7175161
0.6596287
1.14365
1.062803
1.586673
1.659829
1.340334
1.682835
1.773269
1.562986
1.53351
0.8417857
0.6475878
0.9811314
1.084415
0.486909
0.7243139
0.4623043
0.7477502
0.9404938
0.9562965
0.2817691
0.5237634
0.2514089
1.548397
1.86312
0.8029373
1.476566
0.7081621
0.9486156
0.8133446
0.4407539
1.316952
1.31174
1.142478
1.566564
0.4451129
0.3928954
0.2129076
0.9783187
1.127699
0.9922531
0.7411075
1.231576
0.8030436
0.8218393
1.171731
0.8225556
0.9275406
0.984346
0.5828735
0.4763929
0.7604269
0.7490066
0.7677457
0.7843751
0.9940321
0.9526295
0.6552666
0.7077784
1.850186
2.615991
1.6606
1.86508
1.703875
0.6993779
1.398129
1.878877
1.284309
1.501708
0.9275062
1.55101
0.8524057
1.291835
1.032705
1.465194
1.756753
2.117117
1.511085
1.405803
1.640693
0.9790846
0.8696273
1.061739
0.4431582
0.6788061
0.6196737
1.033865
0.05138463
0.3741804
1.064289
0.7421977
0.4997744
0.6442298
0.6878734
0.4664917
2.186321
2.118125
1.804285
1.709702
1.636858
1.239781
1.253125
1.672164
1.654804
1.379042
1.531991
1.531749
0.4372712
0.7019279
0.9204722
1.866062
1.610767
1.218767
1.652284
1.182364
0.8681494
1.07204
0.9722355
1.223914
0.6619091
0.8256386
0.9406461
1.268867
0.6712361
1.139143
1.191642
0.9795078
0.9683102
0.5541643
0.5148481
0.4748445
1.580057
1.863706
1.668261
1.610207
1.272653
1.553913
1.465878
1.436162
1.939858
1.82601
1.302411
1.179237
0.8870718
0.3211821
1.501528
1.608069
1.729359
1.338427
1.695464
0.9683023
1.47893
1.361003
1.687588
1.167623
0.5213309
0.5535128
0.4834285
0.3736635
0.6655052
0.4624657
0.6087431
0.3702957
0.7199393
0.5784949
0.8015636
0.5866835
-1.08299
-0.8251332
-0.6562104
-0.7223384
-0.1714439
-0.5489661
-0.3791214
-0.2898972
-0.6425123
-0.5983709
0.04509548
0.02121102
-0.7887173
-0.5283605
-0.4142709
-0.8307838
-0.04935651
-0.3889276
-1.191518
-0.5781687
-1.557547
-0.7567599
-0.3177321
-0.4840266
-0.3929541
-0.2008206
-0.1216115
-0.04450303
0.06969705
0.1326413
-8.732234e-05
-0.04804034
-0.01108359
-0.04383998
-0.1445844
-0.2343536
-0.78595
-0.8837591
-0.8891298
-0.5148045
-0.3020233
0.3701701
-0.1139754
0.2259163
-0.09355072
-0.1993952
-0.07370163
-0.443113
-0.9409373
-0.6596586
-0.4912127
-0.6354656
-0.7234633
-0.2391084
0.2241608
-0.06348283
0.05826792
-0.3206007
0.4117432
-0.06598169
-0.3906989
-0.1233969
-1.106106
-0.770002
-0.889779
-0.2564525
-0.4277266
-0.03939461
-0.7257628
-0.515222
-0.7686009
-0.4468453
-0.735227
-0.8176776
-0.6155882
-0.76419
-0.8731157
-1.109236
-0.5675557
-0.8804674
-0.3203085
-0.5720206
-0.5083603
-0.4295099
-0.3364578
-0.1045452
-0.6173764
-0.2667238
0.2010351
-0.2112296
0.09494184
-0.1447873
-0.8901047
-0.3833635
-0.4416315
0.08850139
-0.03063108
0.4067964
0.515724
0.4516615
0.5587508
0.08052178
-0.5894705
-1.167035
-0.7618979
-0.7306555
-1.266175
-1.346613
-0.5673911
-0.8845685
-0.1542611
0.2528058
0.2460288
-0.07569523
0.0642784
0.299154
-0.3919056
-1.046475
-0.32487
-0.492112
-0.7289613
-0.7331483
-0.3290491
-0.5831795
-0.4414003
-0.3877465
0.5595525
0.2056211
0.2756528
0.1572352
0.2590539
0.4484771
0.5700203
0.3303866
-0.5602415
-0.1061138
0.3851031
0.06525077
-1.101286
-0.4917796
-0.3872099
-0.01692625
-0.7405817
-1.030567
-0.7536721
-0.3892374
-1.252247
-1.001523
-0.7301803
-1.471817
-0.7920141
-1.071839
-0.2732658
0.1452338
0.2156004
-0.1092687
-0.7346652
-0.03102196
-0.5763657
-0.4650939
0.02428105
-0.2275021
-0.5449618
-0.4945252
-0.6721521
-0.6918919
0.08070995
-0.7003257
-0.2458422
-0.434431
0.08617344
-0.6732627
-0.4151458
-0.09559465
-0.7713811
-0.7438319
-0.5938463
-1.335476
-1.018729
-1.143311
-0.8926191
-0.8525831
-0.5468725
-0.931708
-0.6578529
-0.8732401
-0.68506
-0.6796108
-0.7722347
-0.9713089
-0.5864665
-0.103598
-1.202588
-0.3701561
-0.498619
-0.3805046
-0.599699
0.2191411
-0.2034892
0.3178554
-0.287131
0.2056978
0.3164513
0.01316576
0.1137881
0.09222622
-0.3847411
-0.5067952
0.1227653
-0.5425406
-0.3833504
-0.450142
-0.1299579
-0.231561
-0.2911963
-0.2947367
-0.3214868
-0.7078639
-0.465841
-0.8998395
-0.7775317
-0.3139827
-1.217681
-1.499282
-1.053697
-0.3791939
-0.1881559
-0.2091364
-0.5656969
-0.838877
-0.4319068
-0.4720175
-0.6568329
-0.8629155
-1.230867
-0.8714673
-1.275555
-0.8443534
-0.1880394
-0.5216867
-0.3716892
0.7386535
0.4302197
0.1699866
-0.924531
-0.2619573
-0.92407
-0.2449176
-0.6225175
-1.000126
-1.49164
-0.4665229
-1.142675
-0.6484796
-0.5094261
-0.8368374
-0.6760266
-0.08758407
-0.5450731
-0.4393318
-0.4581301
0.006739989
-0.2093706
-0.1991416
-0.2892417
-0.3165261
-0.2298709
-0.09157654
-0.2294439
-0.05197703
-0.0557796
0.009364749
-0.2202887
-0.2122303
-0.1539334
-0.05250265
-0.06135101
-1.517613
-0.9820307
-0.7547604
-0.5494974
-0.6593437
-0.6489785
-0.9090595
-0.5590242
-1.603612
-1.382637
-1.334693
-1.571216
-1.292085
-0.2612931
-0.7319136
-0.1421471
-0.2987542
-1.125412
-1.156325
-0.5103156
-1.146983
-1.028991
-0.3638176
-0.4191404
-0.2713028
-0.2972383
-0.9312301
-0.09531655
0.21395
-0.1902966
0.7011485
0.4953285
0.5205621
-0.04803433
-1.040216
-0.6329553
-0.5637962
-0.5186008
0.04143305
-0.9086767
-1.184411
-1.192297
-1.48786
-1.704728
-1.932062
-1.020554
-0.6527111
-0.1994577
-0.8488119
-1.270708
-0.8952259
-0.878068
-0.7885125
-0.2890515
-0.8759296
-0.1376548
-0.4994981
-0.1391905
-0.531567
1.389948
0.6149805
1.059861
1.303309
1.320422
1.417015
-0.1734582
0.9538342
-0.1978985
0.1240065
0.5749984
-0.02463011
-0.3552155
-0.8382774
-0.7503657
-0.6564112
-1.866635
0.1563601
-0.05118935
-0.4388564
-0.6673736
0.03801302
0.04555179
-0.5865585
-0.4633867
-0.3183279
-0.5906875
0.01431887
-0.2819655
-0.0005891301
-0.3002147
-0.1720813
-0.1830162
0.1639962
-0.08929655
0.05600412
0.5865788
0.3730433
-0.1334258
0.1041895
0.07521069
-0.5663311
-0.3441142
-0.8100672
-1.0582
-0.3026013
-0.6061371
-0.5075464
-0.7919543
-0.9212483
-0.4998023
-1.024639
-1.121567
-0.7517514
-1.190481
-0.9966052
-0.4807896
-0.1761562
-1.440237
-1.349892
-0.9049386
-1.08201
-0.9674911
-1.3667
-0.7538046
-0.7023771
-0.279002
-0.3300606
-0.2037598
-0.6317546
-0.4875243
-0.4461159
-0.7539353
-0.7415784
-0.8749668
-0.6065381
-0.832149
-0.4109579
-0.7229045
-1.142444
-0.4425449
-0.1183448
-0.6751737
-0.6241089
-0.7485109
-0.5542784
-0.4868496
-1.092677
-0.7821868
-0.6984133
-0.9973647
-0.6765415
-0.7803587
-0.3318541
-0.6471915
0.02532533
-0.7492603
-0.1741936
-0.2612894
-0.3689209
-0.3348205
-0.3669894
-0.284033
-0.4015781
-0.1692993
-0.4174442
0.1323831
-0.3153316
1.140291
1.56166
0.9818854
0.7353397
0.4976316
0.4405457
-0.03874023
0.1110125
-0.07148394
-0.02928491
-0.7300843
-0.9165491
-0.4322217
-0.7658605
-0.4124346
-0.1347383
0.1124923
0.08209832
0.02839522
-0.227886
0.5942087
0.258494
0.4950784
0.7138333
1.32525
1.242872
1.074063
0.4737558
0.06369238
0.65592
0.04668307
0.8547506
0.7385806
0.1511054
-0.5481091
-0.04983417
-0.2969505
-0.4539598
-1.291036
-0.672547
-0.937943
-1.042027
-0.5896804
-0.4667378
-0.5317609
-1.055432
-0.9176963
-0.5962024
-0.2988335
-1.054253
-0.7573758
-0.6868862
-0.7026569
-0.2138724
0.05243258
-0.3399822
0.06790149
-0.37005
-0.1925768
-0.3344047
-0.2909305
-0.3453158
-0.5974662
-0.3094393
0.06557728
0.1976445
0.06686708
-0.4653831
0.2382458
-0.1915519
-0.7078098
0.2848679
-1.159952
-0.2557894
-0.6151714
-0.6424796
-0.9076604
-0.9176583
-0.9450139
-0.7730205
-1.017563
-0.4477785
-0.3623991
-0.1468568
-0.5874059
-1.089974
-0.07813782
-0.4319061
0.03528615
-0.5441704
-0.4050091
-0.3556989
-0.2874033
-0.2114427
-0.2806216
0.2681449
-0.1710901
0.6260105
0.4709152
0.3436077
0.2677263
0.2408245
0.428081
1.060519
1.39037
0.4892375
0.2829934
0.556923
-0.06228807
-0.5020621
-0.5917206
-0.9354533
-0.6090877
-0.7776015
-0.5077676
-0.9310308
-1.234206
-0.8368492
-0.5356599
-0.9161454
-1.084582
-0.501244
-0.5275311
-0.2393075
-0.5075816
-0.1672867
-0.6401905
-0.3587616
-0.00952696
-0.3035197
-0.186133
0.0847558
0.1720422
0.7459565
0.6149107
-0.2089935
0.4848343
0.4174255
0.2635763
-0.3425536
-0.4009379
-0.5734323
0.09165423
-1.150734
-0.2703643
-0.275993
-0.4404277
-0.5769524
-0.6193091
-0.733962
-1.122226
-0.07155721
-0.4974842
-0.9895743
-0.4059421
-0.171293
-0.1407435
0.4503933
0.02701538
-0.02202235
-0.3983099
-0.06925276
0.1359095
0.2702695
0.6451295
0.2751612
0.05035173
0.05459168
0.07025615
1.161763
0.7458636
0.2725642
-0.1180998
-0.04804057
-0.2071881
-0.0806308
0.4690394
-0.2657757
-0.313448
-0.6943317
-0.6890426
-0.7091867
-0.7805669
-1.45391
-1.875686
-1.586075
-2.846706
-1.341088
-0.460955
-0.639605
-1.221887
-0.3003703
-0.6385662
-1.024844
-0.1566396
-0.2571397
-0.2361781
-0.3761556
-0.8517144
-0.08134824
-0.4845627
-0.6665255
-0.3272063
-0.1841685
-0.54919
-0.854326
-0.5295644
0.6217144
0.2456511
0.1377551
0.6870454
0.1426726
-0.6137235
-0.4715034
-0.1499187
0.3276905
-0.1360453
-0.3786146
-0.3301873
-0.1105883
-0.4152695
-0.4178811
-0.383964
-0.5423387
-1.164038
-0.4054547
-0.3386919
-0.2827316
-0.2386217
-0.05248772
-0.5897669
-0.3798894
-0.8110698
-0.4698183
-0.5360327
-0.2195047
-0.460108
-0.157997
-0.3869254
-0.05364796
-0.0496789
-0.5602116
-0.5786512
0.2711592
-0.05285901
-0.1240221
0.4898152
0.290364
1.370734
0.8385953
0.4581494
0.1348349
-0.2856739
-0.2769083
0.8394261
-0.9075588
-0.4465226
-0.6451019
0.4741307
-0.2979163
-0.6101271
-0.3808187
-0.1687767
0.06002287
0.3784253
0.2261069
0.312876
0.1589581
0.08742991
-0.029613
0.5571281
0.5519554
0.2694089
0.01266638
0.4733873
0.5161864
0.7175418
0.5003313
0.5129152
0.1407689
0.2219612
-0.1473596
-0.5284334
-0.8227466
-0.7806464
-0.7111026
-0.4005593
-1.008038
-1.108852
-0.2045471
-1.203032
-1.285596
-0.9251721
-0.4745549
-0.6823371
-0.5636301
-0.394863
-0.6346017
-0.7868887
-0.4917614
0.09022673
-0.2010731
-0.323582
-0.6622509
0.2053009
-0.007479255
-0.7193857
-1.247839
-0.82993
-0.9017461
-0.7861153
-1.306789
-1.377496
-1.50681
-0.6919034
-0.6264039
-0.6616445
-0.5187752
-0.9109254
-0.3867934
-0.5689595
-0.9680239
-0.340944
-0.4908612
-1.351655
-1.147549
-0.8972546
-0.4275522
-0.7180773
-0.2187454
-0.4362644
-0.509044
-0.5112529
-0.9034302
-0.4769069
-0.2669266
-1.262981
-0.8037744
-0.890197
-0.5925858
-0.4771468
-0.8629958
-0.3038709
0.7073712
1.457343
0.8357315
0.5030567
0.2243438
0.3085751
0.150974
0.3294347
0.1405736
-0.05042344
0.7771508
1.29723
-0.507805
-0.5420661
-1.291205
-1.592185
-0.892522
-0.6501434
-1.763111
-1.302934
-1.082339
-0.5055537
-1.553018
-0.5848265
-1.028092
-0.8834335
-0.08747918
-0.3866127
0.02857109
-0.2357064
-0.573481
-0.472797
-0.5440258
-0.4424718
-0.3756393
-1.040421
-0.7126405
-0.7665558
-0.7520896
-0.9987743
-0.3241741
-1.352488
-1.001032
-0.7660362
-1.189336
-1.738922
-0.8172087
-0.399743
-0.7894163
-0.5514957
-0.3661996
-1.378233
-1.068515
-1.043153
-0.9727777
-0.9694857
0.3882211
-0.08252563
0.01140006
-0.4900051
-0.7825303
-0.7446966
-0.717554
-0.8229955
-0.4969243
-0.7013504
-0.8942354
-0.6442338
-1.127078
-0.5628822
-0.7763781
0.2835709
0.265766
0.06241128
0.07256374
0.5908544
0.3565674
-0.120742
0.01579278
-0.8464808
-0.4213289
0.2291881
-0.5005038
-0.4759215
-0.3535777
-0.6034936
-1.166688
-1.783637
-0.342773
-0.3587069
-0.7422854
-0.4940174
0.1757448
-0.1823226
-0.3922657
-0.4742842
-0.4577526
-0.3249837
-0.3464071
-0.7693022
-0.6115994
-0.06014022
-0.5566287
-0.2776298
-0.6474113
-0.4881869
-0.6788257
-0.8176336
-0.08832487
-0.1287583
-0.4466578
-0.998745
-1.241991
-1.474759
-1.095779
-1.369595
-1.452727
-0.8815071
-1.119041
-1.207951
-0.4027877
-1.291572
-0.8584107
-1.762464
-1.105151
-1.681142
-1.067197
-0.9281532
-0.6504199
-0.7957745
-0.1018765
-0.4677029
-0.15936
-0.4659724
-0.3897389
-0.2301149
-0.9767277
-0.7324227
-0.7773335
-0.5254435
-0.7272683
-0.7345059
-0.2037758
-0.1089267
0.265838
0.2266132
-0.04347725
0.3677907
-0.02767374
-0.140545
0.4412065
-0.1695252
-0.9183087
-1.093041
0.02113634
-0.7019757
-0.6136287
-0.4813315
-0.65026
-0.6981305
-0.8421153
-0.4943934
-0.2568758
0.08344282
-0.3548445
0.4940356
0.7586812
0.05605617
0.09087548
-0.2382401
0.02751618
0.04047518
-0.1594405
0.1775445
-1.531199
-1.656566
-1.301497
-0.8458478
0.2385262
0.1084625
0.7528261
0.7458076
0.1728811
0.3681496
0.3614456
-0.7889208
-0.1506448
0.1776803
0.5797776
0.9512211
-0.3705708
-0.352875
0.2600878
0.5070394
0.5478277
-0.6865644
-0.4679325
-0.8624628
-0.4974645
-0.5014793
-0.8624391
-0.4926047
-0.6482778
-0.2997929
-0.2872828
-0.09890931
-0.04872954
0.2432664
0.07675037
0.1103343
0.1803489
-0.02555001
0.3801363
-0.0214469
-0.1492286
0.2427351
0.1050128
-0.06723651
0.4514385
0.0316911
-0.7620474
-1.135495
-0.6106988
-0.8556298
-1.330116
-0.7760582
-0.8270412
-1.331109
-1.555255
-1.046968
-0.9911253
-1.040288
-0.8979699
-0.6778037
-0.4691687
-0.4076445
-0.2005158
-0.01978492
-0.2902089
-0.6688287
0.2348915
0.3360729
-0.002154804
-0.03107916
0.2678682
-0.4048371
0.09659193
-0.532968
-0.2384441
-0.7325828
-0.2725289
-0.172816
-0.389415
-1.653771
-1.069213
-0.5688228
-1.032638
-1.034489
-1.336646
-1.584325
-0.6559567
-0.4234505
-0.5124662
-0.7083456
-0.8539889
-1.3319
-0.6153832
-0.296433
-0.4068473
-0.4661521
-0.2985271
-0.136351
-0.2466557
-0.7762593
0.2853931
-1.984849
-1.999576
-1.334077
-1.682168
-1.528148
-1.448744
-1.234113
-0.6527713
-0.6479928
-0.833411
0.07565032
-0.4898981
-0.6107572
-0.834741
0.2548596
-0.8403126
-0.6248685
0.2216624
-0.3767927
-0.4054789
-0.08250428
-0.1313526
-0.08045663
-0.1915664
-0.3819537
-0.1831795
-0.3795593
-0.4424099
0.1622408
-0.1900201
-0.232159
-0.2609464
-0.1483741
-0.3698277
-0.2540857
-0.2238064
-0.5804559
-0.1772669
-0.3431691
-0.4263908
-0.3233423
-1.039573
-0.7644117
-0.08704895
-1.227823
-0.6217361
-0.9239387
-0.8849202
-0.717139
-0.4112258
-0.4340291
0.0872482
-0.09585671
-0.4286743
-0.7895477
-0.8487516
-0.9115976
-0.4829576
-0.5233939
-0.975817
-0.4087036
-0.7214346
-1.932001
-2.303469
-1.856143
-2.600338
-1.727036
-2.332373
-2.037762
-2.312777
-1.527508
-0.587304
-0.9663318
-0.8179584
-0.5988862
-0.3331101
-0.2231021
0.01097562
-0.3930469
-0.3871349
-0.7125758
-0.7841034
-0.05234274
-0.3071808
-0.2523034
-0.2705336
-0.4196352
-0.5001131
-0.4601248
-0.2853198
-0.1467198
-0.4166173
-0.4774514
-0.8479986
-1.023046
-0.9690226
-0.8420268
-0.3134227
-1.953448
-1.810291
-1.374171
-1.139255
-1.395498
-0.0564246
-1.258273
-1.524918
-0.8542777
-0.6871857
-0.4994004
-0.06167483
-0.8166548
-0.7800846
-0.8929139
-1.153523
-0.6936145
-0.4066236
-0.6825762
-0.5623881
-0.4340946
-0.4937638
-0.7231808
-0.2496385
-0.6983744
-0.3854559
-0.5110602
-0.4566315
-0.3846361
-0.5085337
-0.3478902
-0.6281102
-0.6345814
-0.6965572
-0.2545555
-0.5305501
-0.1041276
-0.01586487
-0.1456296
0.1141893
-0.6864895
-0.8026923
-0.5698469
-0.8507327
0.07141016
-0.6284151
-0.1184191
-0.4991455
-0.05821989
-0.3968034
-0.03577239
0.1067172
0.04146375
-0.4281145
-0.6740809
-0.2423187
-0.3300318
-0.984341
-0.3721027
-0.3249056
-0.5526564
-0.4418681
-0.2026224
-0.1616798
-0.6831735
-0.6411614
-0.1586917
-0.8719042
-0.7018703
-0.5154246
-0.3959962
-0.6033399
-0.3709007
-0.2499984
-0.3423537
-0.2456052
-0.3418482
-0.7446951
-1.146857
-0.1477941
-0.9357716
-1.46046
-1.324225
-0.9758832
-0.800382
-0.7532162
-0.3468803
-1.303386
0.02192301
-1.03146
-0.1149163
-0.4906558
-1.047677
-1.498546
-1.123497
-1.239691
-1.856122
-1.82048
-1.300725
-1.511386
-1.665602
-1.371362
-1.689193
-1.247993
-1.254732
-1.98517
-1.017493
0.05832539
0.3016441
0.07038479
0.4017213
1.015193
0.8320881
0.480034
0.4417414
0.8525791
1.026052
0.2158778
0.4277291
-0.45692
-0.4349986
-0.2331896
-0.1311595
0.06189301
0.1865202
0.002806335
-0.4870088
0.1987175
-0.4164954
-0.1202792
0.161636
-0.5482997
-0.28707
-0.04713658
-0.2823885
-0.1964164
0.470668
0.6979302
0.1398589
0.05225881
0.09516002
0.07864591
0.5115138
-0.1627834
-0.3606013
-0.342168
-0.1653051
-0.6176542
-0.7303443
-0.1160222
-1.010731
-0.599796
-0.9133867
-0.4304575
-1.399099
-1.130719
-1.031274
-0.4598346
-0.7330582
-0.5901835
-0.4443646
-1.128899
-1.012472
-0.7270456
-0.7115368
-0.6151624
-1.055446
-1.067197
-0.2980052
-0.5344553
-0.8690095
-1.040271
-0.8007979
-1.168261
-0.5824731
-0.3811896
-0.6207626
-1.39739
-0.9284464
-0.5962899
-0.5567592
-0.4813991
-0.7996532
-0.5025312
-0.6025063
-0.3469752
-0.2982197
-1.325944
-1.070233
-0.3231875
-1.003306
-0.6590002
-0.8840201
-0.6808528
-0.664301
-0.9409611
-0.3921542
-0.4801333
0.2836899
0.1373096
-0.4195297
0.02035225
0.8315669
-0.1743176
-0.9648133
-0.0117834
-0.6255467
-0.2049093
-1.110397
-0.7707815
-0.355199
-0.5375488
0.5061826
-0.01140168
-0.1598524
0.374367
-0.2274204
-0.4639892
-0.6897764
-0.4670623
-0.7632677
-0.4547399
-0.9644887
-0.7170593
-0.1378472
-0.5315174
-0.6067822
-0.2017426
-0.6190784
-0.3920436
-0.3444667
-0.0215476
-0.290108
0.1331135
0.2368492
0.1733201
0.4214663
0.2188731
0.1325361
-0.5463482
-1.002998
-1.007758
-0.4315728
-0.2021571
-0.1437436
0.032639
-0.4386918
0.4998313
-0.3358381
-0.5381131
0.2304434
-0.4263246
-0.3954217
-0.7923888
-0.8736847
-1.067497
-0.2515646
-0.3744313
-0.09370606
-0.1119448
-0.04524283
0.5175367
-0.6219788
0.1082724
0.04446891
0.4296416
0.1615126
0.2275357
0.02204749
1.237363
0.8504815
0.5098619
0.2708616
0.9119907
0.02403085
-0.5625621
-0.231185
-0.07648816
-0.08494433
-0.382005
0.1283478
-0.3724265
-0.1060126
0.03076083
0.4416005
-0.385492
-0.2429775
-0.6738982
-0.4672875
-0.1853985
0.1641665
-0.1393425
0.02960213
-0.4986526
-0.2907849
-0.6542357
-0.9871004
-0.9485644
-0.6863702
-0.1202109
-0.06003987
-0.5105126
-0.8102542
-1.239871
-0.7289471
-1.311295
-1.389958
-1.399036
-1.511558
-1.439138
-1.456172
-0.7052114
-0.9714665
-0.8544458
-0.2927602
-0.4601161
-0.4869764
-0.8345006
-0.8289521
-0.8371644
-0.3884829
-1.568677
-0.5948934
-0.6525023
-0.6438011
-0.3006051
-0.1455881
-0.02403014
-0.19896
-0.04827385
-0.2396134
-0.2484639
-0.04168358
0.0934363
0.5240132
-0.4550987
0.6156621
0.6291104
-0.1111364
0.06393884
-0.7269205
-0.179632
0.05916392
-0.1158953
-0.3284926
0.386694
-0.12059
-0.6634112
-0.4299108
-0.4128595
-0.7055167
-1.084761
-0.3059042
0.09115108
-1.357485
-0.9200223
-0.5430455
-0.7793501
-0.1837723
-1.040045
-1.087755
-1.234565
-0.6585457
-0.8088014
-0.7212311
-0.8702778
-0.9559753
-0.5930813
-0.5921533
-0.6260242
0.0211218
-0.6477594
-0.672928
-0.4234279
-0.2920573
-0.6245914
0.5463125
0.1606145
0.2907602
0.07852588
0.2369793
0.7468342
-0.1786859
-0.5340821
-0.2839533
0.2215003
-0.05753528
0.3959422
-0.05191841
0.4291013
0.1797921
0.2717723
0.3952978
0.866058
0.328152
0.4050539
0.07609471
-0.09383455
-0.6544527
-0.1820498
-0.2982791
-0.4550256
-0.3776997
-0.6792586
-0.3562262
-0.6275394
-0.6341515
-0.5803298
-0.2668806
-0.5303245
-0.7960905
-0.8088308
-0.9711895
-1.188148
-0.7623081
-0.148366
-1.140374
-0.9355049
-0.4802653
0.188051
0.1866035
0.05955821
-0.09954831
-0.3830366
-0.9273089
-0.1803705
0.00402302
0.0366944
-0.4925876
-0.4725516
-0.1042067
-0.181075
-0.8531879
-0.3080765
-0.2877178
-0.4587337
0.2127872
0.9472012
0.3594444
0.5120513
0.2068601
-0.1229325
-0.4611798
0.1481658
0.2493592
0.1162833
-0.04358435
0.3250639
0.3300283
-0.1311524
0.2883004
-0.2637626
0.2842329
-0.6725018
-0.8152172
-0.3107884
-0.2309464
-0.7453051
-0.5184011
-0.2428231
-1.143497
-0.5252366
-0.7973745
-1.062798
-1.05025
-1.456272
-0.4975705
-0.9387859
-0.5213458
-0.5532529
-0.4960364
-0.5700652
-0.6536047
-0.2980096
-0.6350756
-1.04267
-0.4566156
-0.2507074
-0.4801987
-0.3885977
-0.3249094
-0.8877641
-0.711074
-1.148296
-1.562728
-1.504468
-1.82024
-1.58167
-1.754156
-1.144351
-0.780976
-0.676858
-0.2091565
-0.1814953
-0.2758306
-0.6321393
-0.5494605
-0.09720193
-0.8626602
-1.040488
-1.110956
-0.9631776
-0.5219859
-1.725303
-1.701228
-1.613448
-1.6753
-1.183283
-1.259796
-1.410601
-0.9298364
-1.513095
-0.5726848
-1.112476
-1.178393
-1.198816
-0.7062838
-0.01860357
0.1450198
0.3206991
0.3229596
0.1386283
0.48958
-0.2267052
-0.565517
-0.697066
-0.4093737
-1.437137
-0.8321125
-0.3907677
-0.8104757
-0.7346123
-1.056095
-1.593204
-0.4119991
-0.6715419
-0.7873236
-0.5523915
-0.7715294
-1.764262
-1.640074
-0.6488373
-1.475149
-1.258609
-1.269729
-0.4073363
-0.2746701
-0.7646687
-0.3813974
-0.5056269
-0.08134847
-0.139639
-0.1102205
-1.899485
-1.603809
-2.717444
-1.632534
-2.139098
-2.001341
-1.345707
-1.280264
-1.41181
-1.760817
-1.981292
-2.030932
-2.372153
-1.972247
-2.287545
-1.64539
-2.23993
-2.551225
-1.164891
-1.809842
-1.791372
-2.414807
-2.180561
-1.264965
-1.490242
-1.645831
-1.748673
-1.568249
-0.4264562
-0.1003416
-0.5045228
-0.471013
-0.6593487
-0.1389011
-0.4746158
-0.9586873
-0.08344482
0.304535
0.185841
-0.393283
0.5553692
0.1365784
-0.5775676
-1.155973
-1.710584
-2.369796
-2.634256
-2.421067
-3.028041
-3.037947
-2.279343
-2.65199
-1.290843
-1.762123
-1.882078
-2.290345
-2.081804
-1.510698
-1.82391
-1.50307
-1.694803
-0.9623395
-1.857439
-1.434902
-1.045187
-0.735358
-1.229785
-2.097244
-1.538305
-1.112188
-0.8160121
-1.094171
0.3265191
0.5665878
0.2386433
0.1366773
0.3066421
-0.7555347
0.7726235
0.9515831
-0.1952382
-0.1805322
-0.02917708
-0.634788
-0.8108095
-0.9540624
-0.8318687
-1.739961
-1.156731
-1.624475
-1.521362
-1.763848
-1.546192
-1.969955
-1.770306
-2.100855
-1.974782
-2.280918
-1.833405
-0.8652283
-1.913616
-1.864116
-1.171792
-1.237343
-1.094616
-1.020708
-1.278969
-1.643452
-1.227076
-1.252554
-1.371181
-1.699271
-2.079745
-1.955185
-1.736227
-1.849669
0.1285777
-0.4198754
-0.006806452
0.3352777
0.306436
0.3910531
1.158348
0.3371595
0.3970384
-0.09008742
0.2112985
0.5475555
0.6761592
-0.427121
0.7791639
0.1450524
1.346023
0.4422598
0.8429146
0.9155507
0.2697742
-0.3726242
0.28984
0.2044459
0.03105887
0.1894158
-0.3237132
-0.1676286
-0.02754422
-0.5329123
-0.8315178
-0.2970508
0.1444529
0.4027854
0.06102828
0.01875314
-0.6774975
-0.8995847
-0.6171244
-0.6465316
-0.7894387
-0.7621715
-0.8605803
-0.8485638
-0.458894
-1.610681
-1.716053
-1.441217
-1.731754
-0.6149711
-1.042355
-0.2512274
-0.3996734
-0.8262698
-1.013692
-0.4631233
-0.3938967
-0.9308163
-1.206598
-0.8433958
-1.326158
-1.00955
-0.7039276
0.1947401
0.1444253
0.626564
0.5473127
0.6206486
0.3318031
0.01699655
0.07766418
-0.3728469
-0.008066968
-0.3301853
-0.2931197
-0.1704281
-0.1778515
-0.6120897
-0.5144276
-0.7457158
-1.293633
-0.9052534
-1.079185
-1.267006
-0.9906794
-0.654027
-1.302449
-1.326092
-1.471643
-1.518788
-1.49924
-0.8403267
-1.192124
-0.9267082
-1.263991
-1.545128
-0.5389239
-1.037926
-1.464515
-2.152331
-3.217986
-1.710973
-1.986828
-2.413003
-2.101799
-2.089563
-1.952705
-1.490797
-1.265844
-1.173963
-1.588452
-2.040811
-1.480147
-1.595568
-1.804472
-2.318098
-1.734817
-1.674572
-1.639255
-1.65731
-2.228163
-1.880102
-1.603405
-1.244562
-1.287642
-1.8494
-2.364279
-1.555085
-1.716273
-2.080446
-2.045318
-2.033503
-2.514416
-2.20728
-2.314254
0.1812826
-0.3436262
-0.4556345
-0.4539118
-0.6403957
-0.6794674
-0.2880164
-0.949178
-0.6125901
-1.007889
-1.136145
-1.126066
-0.4953865
-0.4295735
-1.203437
-1.055434
-1.35517
-1.032361
-1.44488
-1.311426
-1.167943
-1.02898
-2.399419
-0.8442028
-0.5761903
-0.5438841
-0.3292079
-0.7297253
-0.8809778
-1.243518
-1.425499
-1.260014
-0.8901885
-0.9200919
-1.358844
-0.7503525
-0.03340297
-0.4091034
0.3022696
0.09703725
0.141004
0.2733031
0.141061
0.03215226
-0.8513414
-0.5374259
-0.9838949
-0.8414662
-0.5726688
-0.9224637
-0.879746
-1.463216
-0.6699665
-1.026755
-1.140225
-0.7655104
-1.369329
-0.2335745
-0.4687294
-0.694683
-0.4135106
-0.503965
-0.3596866
-0.4444482
-0.1928687
-0.3971134
-0.4282818
-0.2897716
-0.2718513
-0.1521399
-0.2891262
-0.07231473
1.576947
1.989636
1.846193
2.338251
2.786308
2.882042
2.745805
2.284845
2.716752
3.525944
2.52935
2.952103
3.875412
3.34509
3.29797
2.820033
2.318006
2.199806
2.236911
3.891925
3.232222
2.8595
2.132646
2.092992
2.453028
2.200117
2.103969
2.269789
1.981473
2.353125
1.815186
2.181876
2.351817
2.222044
2.427086
2.919417
0.1491641
-0.344681
0.2390747
0.2470863
0.1310521
-0.5141628
-0.2347087
0.01206985
-0.7887662
-0.2701761
-0.5430274
-0.7037836
-0.4710839
-0.5835958
-0.8879717
-0.6268614
-0.5977118
-0.5668971
-0.1600002
-1.027973
-0.9798502
-1.477412
-1.227207
-0.4874508
-0.7750504
-0.6983869
-0.3861934
-0.4526987
0.06202903
-0.8025233
-0.9225886
-0.7280603
-0.6027131
0.2042423
-0.1476212
-0.1171399
-0.4095719
-0.2085607
0.08469932
-0.555893
-0.6511789
-1.053939
-0.6020043
-0.8604796
-1.88502
-1.575452
-1.457637
-1.317478
-1.302546
-1.960551
-1.262448
-0.3281029
-0.3641101
-1.303968
-0.5270396
-1.059144
-1.151602
-1.299419
-0.9698302
-1.093723
-0.7484508
-0.9219315
-0.4338982
-0.5691429
-1.216422
-0.6136664
-0.7968127
-0.1465412
-0.9036581
0.2124407
-0.2142091
-0.306327
-2.625496
-2.213183
-3.087095
-1.981702
-2.058429
-2.562631
-2.710605
-0.3092668
0.146688
0.1818952
-0.2768357
-0.1427983
-1.29892
-0.7456951
-0.4353312
-0.7818226
-0.05836767
0.09300171
-0.1872161
-0.1744676
-0.1008408
-0.1258601
-0.8275406
0.1054994
-0.5313003
-0.317301
-0.03149643
-1.14309
-0.9135205
-0.6278099
-0.5991445
-0.9415095
-0.550309
-0.6638368
-1.150142
-0.4927981
-0.9861412
-1.027087
-0.7234342
-0.6083668
-0.1505804
-0.6524958
-0.620466
-0.7930883
-0.2852734
0.1419211
-0.0379276
-0.2019987
-0.2199093
-0.1515976
0.02775364
-0.04134533
0.1642338
-0.8199182
-0.4161836
-0.4991316
-0.7630588
-0.1876585
-0.4518949
-0.590954
-0.9965907
-1.123658
-0.4701498
-1.331047
-0.5475092
-1.113594
-0.5269247
-0.5326011
-0.4494469
-0.9370662
-1.252711
-0.7388489
-0.421311
-0.9963885
-0.6708522
-0.5839093
-0.1148446
-0.1495443
-0.5458687
-0.4355472
-0.3926225
-0.4457879
-0.1158684
-0.4537216
-0.4136116
-0.707534
-0.5404926
-0.6603849
-0.1249808
-0.9372952
-1.045784
-0.7944258
-1.096535
-1.352438
-1.068147
-0.7028909
-1.858118
-1.234486
-1.7296
-1.767466
-1.382449
-1.740297
-0.7986827
-0.9255438
-0.7977237
-0.7866378
-1.246498
-0.9468239
-0.9773996
-0.767046
-1.078367
-0.9182158
-0.057336
-0.6597839
-0.674291
0.1136339
-0.3110706
-0.04598315
-0.1202428
-0.1468602
-0.5111183
-0.3985492
-0.3188278
-1.076335
-0.5610412
-0.7511153
0.1629223
-1.025087
-0.7714418
-0.6964795
-0.3511112
-0.1689608
-0.2451897
-0.2897598
-0.9929943
-0.9497752
-0.4208532
-0.8149384
-0.4554153
-0.6572164
-0.5318316
-0.6988512
-1.058664
-0.2555819
-0.5898042
-0.4984564
-0.8157995
-0.1650286
0.01848847
-0.811837
-0.2133392
-0.4400049
-0.01614285
-0.3136902
-0.1688021
0.4535941
0.1443283
0.125727
-0.1001741
-0.06389866
-0.2654092
-0.9364044
-1.296324
-1.283189
-0.4232842
-0.6266177
-1.218302
-0.8730348
-1.316202
-1.085449
-1.509597
-1.283942
-1.461676
-1.371787
-1.40254
-1.513233
-1.265183
-1.184243
-1.900311
-1.472528
-1.106821
-1.436546
-1.311043
-1.167832
-0.5925083
-0.8767006
-0.4333564
-2.484808
-2.120052
-1.893698
-2.077612
-1.937
-2.310158
-1.376374
-1.948751
-1.567976
-0.7859783
-1.145553
-1.530369
-1.381795
-1.522205
-1.444538
-1.174567
-1.256205
-1.954099
-1.021974
-0.6649453
-1.354772
-0.9753636
-1.775127
-0.3727179
-0.3668905
-0.3356268
-0.5207112
-0.8058881
-0.6287332
-0.7352931
-0.340652
-1.033119
-0.6471033
-0.4434976
-1.423402
-0.7385608
-0.4127203
-0.7311818
-0.9061827
-0.9195967
-1.691068
-1.136467
-0.9270872
-1.55306
-0.6486791
-1.290091
-1.105587
-1.187605
-1.635243
-1.124754
-0.9999556
-1.155284
-0.5766716
-0.4952153
-1.075988
-1.362759
-0.7564999
-0.7114548
-1.14779
-1.154448
-1.003725
-0.7482848
-0.4268337
-0.2459595
-0.516886
0.4371482
0.4388054
1.092229
0.07132406
-0.435741
-0.3351944
-0.1966624
-0.07693571
0.3162026
-0.850653
-0.3752358
-1.304685
-0.5285611
-0.5867656
-0.2891403
-0.5186135
-0.6932401
-1.340933
-1.302055
-1.195085
-0.4702593
-0.6895187
-0.4153106
-0.6457456
0.411929
-0.001728211
-0.0245626
-0.4284208
-0.4655004
0.7666037
0.6509395
-0.0767855
-0.2811477
0.1939796
-0.1503638
-0.3507806
-0.5563382
-0.6879556
-0.4604838
-0.7839371
-0.5119217
-0.5243568
-0.692267
-0.8384522
-0.9439172
-0.6151661
-0.7121598
-1.235843
-0.9300487
0.5110253
0.8880705
1.626134
1.303857
1.223216
1.299142
0.6837555
1.506791
0.9678351
0.1894619
-0.3512204
-1.136675
-1.527345
-1.089838
-1.150593
-1.053949
-1.416776
-1.370032
-1.376363
-1.619742
-1.600261
-1.137324
-1.439427
-1.637436
0.1467038
0.1796258
0.2385054
0.3281915
0.2829706
0.5650396
0.842715
0.71362
-0.3217042
0.3652368
0.1340985
0.159113
-0.1627715
-0.4439631
-0.6286395
-0.499963
-0.378135
-0.1227161
-0.3302206
-0.6842744
-1.081765
-0.1983821
-0.6384832
-0.9173216
-0.8743756
-1.125894
-0.6361067
0.2211614
0.4350414
0.4339083
0.3260393
0.3986063
0.269522
0.581748
0.08780761
-0.1683175
-1.156611
-1.735257
-2.119468
-1.844855
-1.600123
-2.266814
-1.771084
-1.508856
-0.9301892
-1.442597
-0.144414
-1.613545
-1.862715
-1.314527
-1.48212
-1.723181
-1.397397
-0.7917109
-1.041101
-1.448559
-1.698644
-1.868814
-2.181925
-1.565904
-1.782317
-1.225054
-1.564649
-1.750806
-1.740685
-1.754802
-1.913327
-2.21456
-1.650813
-2.231422
-2.05427
-1.4243
0.6165328
1.478463
0.9620743
0.1079805
0.003238901
0.7448766
0.0378141
0.05640201
-0.1186527
-0.2208571
0.1380229
0.08515766
-0.1506119
-0.1698775
0.2094429
-0.2169846
-0.2056067
-0.5335357
0.2089981
-0.5456567
0.2250701
0.045421
-0.1371506
0.5916765
-0.299386
-0.0919497
-0.00787517
-2.2175
-2.090813
-2.276911
-2.018094
-1.074892
-1.050685
-1.433293
-2.416301
-1.716551
-1.416064
-0.9315189
-1.601805
-1.626337
-1.882698
-1.20675
-1.221235
-1.111746
-1.49842
-1.48629
-2.005291
-1.209455
-0.8986219
-1.992246
-2.501522
-2.479844
-2.140908
-1.556341
-1.72218
0.5211254
0.6635191
0.4137136
0.02501029
-0.01216795
-0.1179546
-0.05360957
0.1383678
0.4248369
0.6799887
0.438093
1.405957
0.7110804
0.8194977
0.2768399
0.5703776
0.3154124
0.6031967
0.4286442
0.1400951
0.4864316
0.8482127
0.8831476
0.9302107
0.9424497
0.9149464
0.6704876
0.5438088
1.571651
2.015375
1.81147
0.8759603
1.489266
1.177727
1.523261
1.365048
1.237237
1.444129
1.351981
0.938427
0.7997487
0.4237358
1.497053
1.411229
1.893223
2.091338
1.561284
0.9923528
0.9348129
1.275001
1.001256
0.9365029
0.8555265
0.6111047
0.6166994
0.883919
0.4565021
0.6593598
0.4814026
0.9274956
1.390013
0.5666237
0.86759
0.681422
-1.337311
-1.03784
-1.417336
-1.203766
-0.9049439
-0.780008
-1.418886
-1.411498
-0.9061194
-0.5831642
-0.9463229
-1.116187
-1.416295
-1.744085
-1.832516
-1.250201
-1.545884
-1.242653
-0.5098712
-0.7362999
-0.8203542
-0.864308
-0.4309973
-0.7885871
-1.026912
-0.9471213
-0.6957714
-0.8909689
-0.8927606
-0.7949742
-0.9017258
-0.7693942
-0.9145291
-1.039134
-1.080033
-0.706146
0.143359
0.3512093
0.0108954
-0.08530173
-0.3685638
0.1912631
-0.4787987
-0.2440264
-0.1692946
-0.3119336
-0.6036662
-0.516772
-0.6059025
-0.5708625
0.1055626
-0.5403757
-0.9452852
-0.392725
-0.4647723
-0.5155783
0.3763649
0.1188302
-1.081023
-0.5763313
-0.4331003
-0.2214575
-0.3645652
-0.1133793
-0.7621998
-0.3000652
-0.9889518
0.0988418
-0.5266073
-0.6252266
-0.3836602
-0.02033373
0.1092638
-0.08305661
-0.4052739
-0.4167339
-0.172008
-1.193938
-0.3755426
-0.5263855
-1.396325
-1.515086
-1.106642
-1.688972
-0.8175672
-1.504112
-1.727233
-2.094212
-1.206965
-0.797676
-0.8331982
-0.7841861
-1.315677
-1.59458
-1.585135
-0.9353195
-0.9512104
-0.6788463
-0.8639709
-1.304476
-1.123148
-1.59641
-0.4380307
-1.477509
-1.227164
-1.00472
-1.360497
-0.2680469
0.3837351
0.268862
-0.07261427
0.1961364
0.6417681
0.164851
-0.2207643
-1.326288
-1.006254
-1.369455
-0.443767
-0.8099549
-0.5628251
-1.030451
-1.072652
-1.500062
-1.042041
-1.096623
-0.6943177
-1.13913
-1.203982
-1.111589
-0.1896269
-1.53136
-1.157974
-0.8304491
-0.9933139
-1.252435
-1.289863
-0.9390963
-1.132174
-0.7159191
-0.8745245
-0.9843535
-1.065358
-0.4893966
-0.1955228
0.1731897
0.3304347
0.03861871
-0.3486191
0.7065894
-0.1916109
0.04356616
-0.3263206
-1.981081
-1.09219
-1.576174
-1.309701
-1.568345
-1.19589
-1.32022
-1.216718
-1.074746
-1.099423
-1.515827
-1.596327
-1.198328
-1.250071
-0.9856466
-1.294262
-1.01891
-0.864833
-1.980479
-1.485187
-1.821677
-1.500131
-1.258823
-0.7166049
-0.4978912
-0.4896216
-0.5418167
-0.3606241
-0.1099121
0.01876295
-0.1710251
-0.4447497
0.1952061
-0.3399643
-0.5150718
-1.044186
-1.625766
-0.6124337
-0.45799
-0.9452302
-1.115149
-0.8523538
-0.7817212
-1.259626
-2.044214
-1.020013
-0.3392049
-1.74344
-1.773856
-0.5732875
-0.8181069
-1.123993
-0.7117792
-0.9235666
-0.8188592
-0.8739767
-1.26086
-1.756343
-0.7219641
-0.4398897
-0.4958265
-0.5513827
-0.1176851
-0.6545103
0.1308514
-0.337333
-0.4357405
-0.2423649
-0.6499824
-1.123593
-1.211777
0.02601393
-0.72178
-0.9304958
-0.150908
-0.5948205
-0.6747095
-1.368704
-1.147573
-0.3926676
-0.8231771
0.0177376
-0.3289078
-0.4752634
-0.7735325
-0.3784389
-0.6860669
-0.1834141
-0.004018882
-0.4635762
-0.09180555
-0.1416626
0.1279577
-0.5012988
-0.6508346
-0.01087396
-0.735624
-0.09801693
0.2482873
0.3391038
0.3997621
-0.3894638
-0.3193476
0.569152
-0.05999977
-0.0681598
-0.1869944
-0.008096563
0.3646761
0.4313686
-0.1378701
-0.2917639
-0.5877335
-0.2731116
-0.9965113
-0.9448765
-0.3410519
-1.051593
-0.79328
-0.308935
-0.3550519
-0.5253998
-0.7291273
-0.5532644
-0.5384215
-0.5760233
-0.6472408
-0.4895915
-0.1572024
-0.9815697
-0.4872658
-0.8244236
-1.154926
-0.1826169
0.5334025
0.9701926
0.2097132
0.4396851
0.03828768
-0.02421478
0.185715
0.3552103
-0.1603271
0.1147423
-0.6467071
-0.3689231
-0.7277142
-1.013623
-0.7039031
-0.7980537
-0.4801461
-0.1008224
-0.5145377
-0.6631337
0.201886
-0.2478567
0.04254412
0.1407162
-0.02075282
0.01771509
-0.1972108
-0.6147008
-0.196172
-0.1655617
0.2051056
-0.02169544
0.04203634
0.02177016
0.03916339
-0.1729826
-0.05180423
0.4550054
0.1978848
0.4592611
0.1646626
0.2045092
-0.4109923
-0.2031613
-0.4755979
-0.1832959
0.2595645
-0.3623182
-1.082303
-0.9471682
-1.190612
-0.8963045
-0.3437612
-0.6867954
-0.5375814
-1.262796
-0.1431416
-0.713077
-0.5190423
-0.8374291
-0.3222473
-0.9859828
-0.9808652
-0.8598926
-1.017685
-1.194888
-0.6525335
-1.627629
-2.571783
-2.487647
-2.339943
-2.066878
-1.258999
-1.78489
-2.026226
-1.47078
-0.8252869
-1.471307
-1.537798
-1.678461
-1.578545
-1.057992
-1.238152
-0.7210739
-1.03184
-0.6309324
-1.417936
-1.609321
-0.6244505
-1.019352
-0.7456618
-0.6551572
-0.6606098
-0.5809421
-1.030764
-0.7033189
-1.012257
-0.296286
-0.7665078
-0.6587332
-1.384615
-0.6611724
-0.8571654
-0.6289482
-3.021592
-2.546069
-2.531747
-1.613115
-2.649318
-1.913165
-1.558168
-0.8888315
-1.575986
-1.639168
-2.135314
-1.803407
-1.991316
-1.4354
-1.744868
-2.042456
-2.551627
-1.474536
-1.505118
-1.71199
-1.673372
-2.279871
-1.070917
-1.479168
-1.268714
-1.384289
-1.575358
-1.446045
-1.885803
-2.072825
-1.329512
-0.7674709
-1.159326
-1.041671
-1.704293
-0.6482823
-0.4606099
0.1712765
-0.1673389
-0.4697193
-0.2524537
-0.07511695
0.01959143
-0.5315707
-1.545843
-1.361952
-1.183748
-0.8653896
-0.8287177
-1.49655
-0.8506273
-0.8427988
-0.7612865
-1.60014
-1.6004
-1.098361
-1.364287
-0.9918533
-0.9317929
-1.791802
-1.233057
-2.175277
-1.725895
-0.9664765
-1.09686
-0.5223209
-0.3737677
-0.2383729
-0.3412032
-0.07770995
-0.1673436
0.134976
0.2562149
0.1304909
0.3469332
-0.06053941
0.24703
0.9653346
0.2587904
0.2627567
-0.3787729
0.6251909
0.02633617
0.4268585
-0.3717814
-0.3811394
-0.4974806
-0.5117084
-1.072743
-0.1783061
-0.1403574
-0.6099581
0.08240804
-0.2202015
-0.5545721
-0.5949594
-0.3599757
-0.6649796
-0.4470871
-0.7698722
-1.262972
-0.8946119
-0.2953251
-0.2764909
-0.2242502
-0.6380184
-0.5055731
-0.825968
-0.08234221
0.6569162
0.1108576
0.1800971
-0.3862105
-0.363049
-0.3669318
-0.06271161
-1.118087
-0.8870599
-0.4473943
-1.015265
-0.7174758
-1.183412
-0.971023
-0.7806342
-1.543227
-0.9261366
-1.126212
-0.8753719
-0.4556141
-1.619952
-0.8308603
-0.5781099
-0.8654564
-0.4518985
-1.111958
-1.088228
-1.381075
-1.368785
-1.054012
-1.218911
-0.7354639
-0.6432323
-0.5986737
0.8388045
0.5003651
0.591477
0.2426498
0.5096915
-0.06263938
-0.07877373
0.2192732
-0.5610631
-1.274225
-0.9856563
-0.9413112
-0.28289
-0.4531916
-0.441685
-1.409156
-0.7455123
-0.1979419
-0.3101088
-0.1738774
-0.6271902
-0.3882741
-0.1753815
-0.4064921
-0.1080585
-0.2032215
-0.4983758
-0.1875758
0.01891573
-0.2731457
-0.5179315
-0.1167802
-0.2696994
-0.8345562
-0.3127755
0.09343598
0.2615764
-0.8041733
-0.4029703
0.3023456
-0.4406341
-0.8600585
-0.705603
-1.089889
-1.925408
-1.338673
-1.044681
-2.015965
-0.8571488
-1.24021
-1.397148
-1.430886
-1.351173
-0.8249634
-1.258231
-0.8577239
-1.415262
-0.8173279
-2.009032
-1.989281
-1.462764
-0.9949351
-1.757602
-0.9502437
-0.4213929
-0.8292138
-1.143626
-1.345069
-0.5781979
-0.6913986
-0.5309191
-0.9565354
0.4908196
0.3521918
0.9891021
0.9358191
0.8599154
0.4071377
0.01723589
0.4526056
0.9968385
0.8820302
0.5301404
0.4487918
0.9390896
0.4057123
0.5149869
0.5459321
0.3058606
2.603779
1.804358
1.684963
1.778501
1.102457
0.8752426
0.8583272
1.334856
1.896315
1.420915
1.134805
1.148211
1.427069
1.333576
0.6500675
1.357015
1.364058
1.207699
1.612448
2.575267
1.937224
2.5193
1.934165
1.733936
1.902536
1.572556
1.70734
1.836307
2.027377
1.578206
1.733802
1.710979
1.437938
2.282309
1.998432
2.075807
0.1517937
0.7249387
0.7430597
0.3392231
0.1457351
0.349095
0.3746724
0.4107219
0.1839541
0.3824895
0.5195251
0.4739027
0.1160042
-0.2892562
-0.7367175
-0.6713689
-0.12652
0.3778409
0.06755938
-0.05782265
0.1679498
0.8931063
0.6104041
0.07536186
0.001938087
0.1683742
0.7378248
0.4736846
0.7639263
0.7380007
0.6204104
0.2914963
-0.03512916
0.3749135
0.7023133
0.8883864
2.02482
1.912065
2.158131
1.739347
1.261091
0.9292573
1.202468
1.998617
2.519745
1.41054
1.110575
0.9783001
0.3568079
0.4008412
0.9218807
1.347141
1.375135
1.174379
1.144015
1.121772
1.189406
0.8884122
0.8156895
1.52434
0.7763686
1.004798
1.174748
1.03941
1.139724
0.8569982
1.449834
1.017426
0.6756948
0.8062126
0.2593798
0.3642664
0.03608314
0.03157467
-0.6823895
-0.6558524
-0.5065689
-0.5140169
-1.001257
-0.8349496
-0.1606856
-0.461725
-1.167974
0.4397109
0.06724243
0.2323647
0.4728379
0.3180911
0.030811
-0.3347537
-0.03418316
-0.1022528
0.5701602
0.8848885
0.7271924
0.7082888
0.5715292
0.8280253
0.3497937
0.1330002
0.5193352
0.7740796
0.69507
0.9745191
0.5300251
0.8398114
1.193874
0.5839365
0.4806807
1.101085
0.2951061
0.3909689
0.2848785
0.5613632
0.9748332
0.3552116
1.174935
0.5664151
0.7233085
0.5473603
0.2949595
0.7779848
0.8485965
0.6999841
0.7775474
0.4074554
0.4361593
0.5360966
0.3640175
0.503312
0.2068303
-0.07634344
-0.541373
-0.2190588
-0.1644592
-0.223642
0.04490186
-0.3110012
-0.585431
-0.5134827
-0.04479437
1.81507
1.919094
0.2297136
0.9717865
0.9413487
-0.04753329
0.6696806
0.5315114
0.8752511
0.7468824
0.6177899
0.4926091
0.7089707
0.8064503
0.8378916
1.25673
0.7676853
0.2304
0.4988517
0.03361702
0.9547672
0.5160468
0.1646504
0.2607364
0.7020471
0.4342939
0.9744423
0.183857
-0.0190986
-0.01493599
-0.4656039
-0.4905543
-0.9044052
0.1228761
-0.1344793
-0.1813218
-0.2196923
0.6247917
1.077046
-0.5151994
0.4934557
0.8567691
1.383166
1.008839
1.085906
0.6586539
0.5413286
-0.1073424
0.6828109
0.9136347
0.9434604
-0.08523943
-0.232471
-0.3169646
-0.508804
-1.079132
-0.7508597
-0.2354641
-0.2530716
0.6656885
0.5802372
0.6282396
0.495851
0.1539978
0.278158
0.2442309
0.2802903
-0.007951445
0.1537553
-0.2244827
-0.1163057
-0.5097413
-0.5408551
-0.09961424
0.7188109
0.01129979
0.01003048
0.3277266
0.3132015
0.8544258
0.9775304
0.9645404
0.701539
0.3290522
0.7181776
0.7088548
0.6455588
0.5817006
0.7359718
-0.06130875
0.3448276
0.1134231
1.001322
0.4424221
0.2795216
0.906035
1.198375
0.976789
1.787785
1.770399
1.370782
1.634536
1.183226
1.322335
1.59161
1.324007
1.517156
1.568905
0.7709176
1.317713
0.9727516
1.637137
1.58295
1.609836
1.866596
1.969897
1.96181
0.08599341
0.9244817
0.1839168
1.10895
1.0554
1.141922
1.654953
1.776122
2.601735
1.935132
1.7895
1.842251
2.00784
1.443575
1.361988
1.692147
1.541397
2.105606
2.593409
1.595591
1.875986
1.982703
2.469673
2.140397
-0.6147092
0.1939439
0.6652641
0.1441144
2.11055
2.24506
2.576336
2.447071
2.295806
1.724735
2.001612
1.543174
1.435845
1.695841
2.134439
2.43394
2.228724
2.566111
1.628769
1.607521
0.6229609
1.266152
1.95297
1.609892
0.3567505
0.9065569
1.461511
2.044729
2.054084
1.474755
1.60632
1.622626
1.821653
2.033738
1.856532
1.576403
1.925944
1.497386
1.828378
1.754613
1.679398
2.216562
2.142146
1.868101
1.784464
2.457458
2.17874
2.460116
0.667757
0.6691647
1.283992
0.7126488
0.6947014
1.503744
0.4898449
1.071569
0.6804612
1.31172
1.169582
0.6784695
0.4757936
0.710401
-0.02137646
0.599746
0.4945689
0.7312681
0.5410357
0.4966916
0.5704112
0.5056916
0.2832942
0.8601559
0.5830036
0.5269891
0.7438897
0.6488307
0.7845599
0.5711495
0.4741618
0.6951027
0.869928
0.5480006
0.1687694
0.2625457
