3 29 4 18 51 0
4 9 8 34 51 0
5 28 1 22 51 0
6 12 10 27 49 0
7 25 0 18 43 0
8 38 2 1 41 0
9 45 2 0 47 0
10 46 0 2 48 0
12 21 3 22 46 0
13 10 2 31 43 0
14 7 5 30 42 0
15 10 6 26 42 0
16 7 7 34 48 0
17 27 2 19 48 0
18 12 9 26 47 0
19 32 11 6 49 0
20 29 1 24 54 0
21 21 2 31 54 0
22 32 7 15 54 0
23 34 13 6 53 0
24 36 9 4 49 0
25 36 9 6 51 0
26 6 11 34 51 0
27 41 5 6 52 0
28 41 5 6 52 0
29 41 6 5 52 0
30 41 6 5 52 0
31 41 5 6 52 0
32 41 5 6 52 0
33 41 5 6 52 0
34 41 5 6 52 0
35 37 9 0 46 0
36 25 4 24 53 0
37 23 17 14 54 0
38 31 21 1 53 0
39 28 7 15 50 0
40 46 0 7 53 0
41 15 10 28 53 0
42 25 6 22 53 0
43 34 8 11 53 0
44 30 18 5 53 0
45 14 4 35 53 0
46 41 7 6 54 0
47 21 11 23 55 0
48 40 11 6 57 0
49 7 16 34 57 0
50 6 10 41 57 0
51 13 17 23 53 0
52 31 5 20 56 0
53 36 11 9 56 0
54 41 4 10 55 0
55 24 1 24 49 0
56 30 9 18 57 0
57 29 5 22 56 0
58 16 15 25 56 0
59 7 16 34 57 0
60 16 11 27 54 0
61 32 5 17 54 0
62 43 1 8 52 0
63 40 3 9 52 0
64 44 0 8 52 0
65 43 1 8 52 0
66 44 0 8 52 0
67 43 1 8 52 0
68 37 11 5 53 0
69 29 8 16 53 0
70 36 12 5 53 0
71 31 6 19 56 0
72 24 3 29 56 0
73 30 11 10 51 0
74 29 8 15 52 0
75 34 2 15 51 0
76 38 14 0 52 0
77 33 10 13 56 0
78 16 10 29 55 0
79 7 17 30 54 0
80 6 13 30 49 0
81 41 2 6 49 0
82 44 0 7 51 0
83 44 7 0 51 0
84 44 7 0 51 0
85 6 5 40 51 0
86 9 26 15 50 0
87 5 15 31 51 0
88 29 2 23 54 0
89 24 12 19 55 0
90 26 9 20 55 0
91 25 10 20 55 0
92 25 10 20 55 0
93 30 12 11 53 0
94 6 6 38 50 0
95 6 14 30 50 0
96 7 14 31 52 0
97 9 19 24 52 0
98 6 5 42 53 0
99 6 10 36 52 0
100 6 9 37 52 0
101 6 10 36 52 0
102 32 5 14 51 0
103 6 8 33 47 0
104 7 10 37 54 0
105 47 6 0 53 0
106 30 5 19 54 0
107 34 12 8 54 0
108 8 12 38 58 0
109 19 6 33 58 0
110 14 12 32 58 0
111 21 21 16 58 0
112 43 2 13 58 0
113 5 5 48 58 0
114 30 7 21 58 0
115 32 5 20 57 0
116 11 9 31 51 0
117 41 0 6 47 0
118 14 8 31 53 0
119 8 8 39 55 0
120 10 14 31 55 0
121 19 14 23 56 0
123 8 14 34 56 0
124 6 9 41 56 0
125 9 11 36 56 0
126 10 14 32 56 0
127 48 8 0 56 0
128 6 5 47 58 0
129 46 3 8 57 0
130 11 29 17 57 0
131 35 8 15 58 0
132 53 4 0 57 0
133 48 6 0 54 0
134 48 1 6 55 0
135 10 6 40 56 0
136 41 12 3 56 0
137 46 3 7 56 0
138 31 7 18 56 0
139 7 26 17 50 0
140 7 22 21 50 0
141 6 5 40 51 0
142 6 5 40 51 0
143 39 11 6 56 0
144 39 11 6 56 0
145 40 9 0 49 0
146 34 9 6 49 0
147 34 9 6 49 0
148 37 9 12 58 0
149 33 13 6 52 0
150 47 10 1 58 0
151 26 16 15 57 0
152 8 20 28 56 0
153 8 18 30 56 0
154 10 13 33 56 0
155 8 13 35 56 0
156 7 13 35 55 0
157 7 16 33 56 0
158 6 4 46 56 0
159 23 9 27 59 0
160 35 8 16 59 0
161 10 8 41 59 0
162 36 6 17 59 0
163 36 7 15 58 0
164 33 8 17 58 0
165 21 29 8 58 0
166 21 28 9 58 0
167 3 16 39 58 0
168 35 4 19 58 0
169 37 10 11 58 0
170 22 8 28 58 0
171 14 7 37 58 0
172 21 9 28 58 0
173 21 11 27 59 0
174 2 10 43 55 0
175 38 10 10 58 0
176 47 7 5 59 0
177 28 3 24 55 0
178 29 7 21 57 0
179 55 1 1 57 0
180 52 4 1 57 0
181 48 4 5 57 0
183 20 14 21 55 0
184 8 23 27 58 0
185 6 16 36 58 0
186 6 6 46 58 0
187 6 5 47 58 0
188 5 12 41 58 0
189 6 10 42 58 0
190 6 1 51 58 0
191 14 7 37 58 0
192 16 7 35 58 0
193 10 12 36 58 0
194 49 9 0 58 0
195 48 3 7 58 0
196 47 6 5 58 0
197 48 9 1 58 0
198 5 1 50 56 0
199 5 1 51 57 0
200 6 10 41 57 0
201 6 25 16 47 0
202 6 26 14 46 0
203 7 33 7 47 0
204 6 35 6 47 0
205 8 34 4 46 0
206 6 33 6 45 0
207 13 29 4 46 0
208 15 26 4 45 0
209 7 33 5 45 0
210 11 32 3 46 0
211 10 34 3 47 0
212 6 30 11 47 0
213 7 28 12 47 0
214 30 10 12 52 0
215 14 4 33 51 0
216 14 3 34 51 0
217 35 15 2 52 0
218 42 5 4 51 0
219 29 11 12 52 0
220 27 11 14 52 0
221 32 17 3 52 0
222 29 11 12 52 0
223 33 10 9 52 0
224 21 11 20 52 0
225 25 16 4 45 0
226 29 20 7 56 0
227 14 11 34 59 0
228 20 5 34 59 0
229 39 6 14 59 0
230 39 6 14 59 0
231 38 6 15 59 0
232 37 8 14 59 0
233 37 8 14 59 0
234 37 8 14 59 0
235 37 8 14 59 0
236 38 6 15 59 0
237 38 7 14 59 0
238 13 12 32 57 0
239 16 10 33 59 0
240 19 6 35 60 0
241 19 14 27 60 0
242 14 15 31 60 0
243 6 8 46 60 0
244 5 7 48 60 0
245 8 10 42 60 0
246 5 8 47 60 0
247 6 9 45 60 0
248 16 11 33 60 0
249 22 13 25 60 0
250 5 3 52 60 0
251 5 0 55 60 0
252 52 2 5 59 0
253 38 12 10 60 0
254 39 11 10 60 0
255 38 12 10 60 0
256 24 15 20 59 0
257 35 7 17 59 0
258 5 1 50 56 0
259 46 10 3 59 0
260 29 25 5 59 0
261 48 9 3 60 0
262 39 14 7 60 0
263 50 6 4 60 0
264 35 12 13 60 0
265 38 17 5 60 0
266 33 21 6 60 0
267 46 4 10 60 0
268 10 14 36 60 0
269 53 3 1 57 0
270 25 14 16 55 0
271 53 2 0 55 0
272 41 14 0 55 0
273 47 8 0 55 0
274 33 12 11 56 0
275 55 2 0 57 0
276 7 14 37 58 0
277 11 16 27 54 0
278 18 21 15 54 0
279 37 9 10 56 0
280 32 13 13 58 0
281 41 12 4 57 0
282 45 5 6 56 0
283 8 22 24 54 0
284 30 16 10 56 0
285 47 3 5 55 0
286 52 1 5 58 0
287 31 11 16 58 0
288 30 9 18 57 0
289 44 9 7 60 0
290 24 12 17 53 0
291 47 8 0 55 0
292 54 1 5 60 0
293 22 7 28 57 0
294 28 7 23 58 0
295 45 8 6 59 0
296 5 11 42 58 0
297 51 3 5 59 0
298 57 2 0 59 0
299 85 29 1 115 1
300 30 11 16 57 0
301 28 10 18 56 0
302 32 9 15 56 0
303 38 11 8 57 0
304 13 26 16 55 0
305 23 12 24 59 0
306 45 8 5 58 0
307 36 22 0 58 0
308 29 2 24 55 0
309 29 3 23 55 0
310 25 24 9 58 0
311 22 16 21 59 0
312 40 4 10 54 0
313 31 13 10 54 0
314 25 4 29 58 0
315 36 12 11 59 0
316 51 2 5 58 0
317 25 8 27 60 0
318 10 8 41 59 0
319 45 8 6 59 0
320 5 7 46 58 0
321 53 0 5 58 0
322 35 20 5 60 0
323 42 9 9 60 0
324 42 11 7 60 0
325 53 6 0 59 0
326 5 9 46 60 0
327 5 9 46 60 0
328 5 9 46 60 0
329 54 1 5 60 0
330 5 11 40 56 0
332 6 9 43 58 0
333 35 7 17 59 0
334 35 23 1 59 0
335 24 34 1 59 0
336 11 30 18 59 0
337 36 7 15 58 0
338 9 14 35 58 0
339 38 9 13 60 0
340 39 17 3 59 0
341 40 6 14 60 0
342 26 10 24 60 0
343 28 12 20 60 0
344 24 15 21 60 0
345 29 22 8 59 0
346 45 11 3 59 0
347 23 8 24 55 0
348 38 16 2 56 0
349 32 7 18 57 0
350 46 11 0 57 0
351 55 4 0 59 0
352 18 18 22 58 0
353 55 3 0 58 0
354 28 10 20 58 0
355 27 12 19 58 0
356 21 16 21 58 0
357 46 11 1 58 0
358 48 6 5 59 0
359 50 4 5 59 0
360 35 9 15 59 0
361 36 24 0 60 0
362 39 16 5 60 0
363 36 20 4 60 0
364 5 10 45 60 0
365 51 4 5 60 0
366 46 7 7 60 0
367 47 13 0 60 0
369 41 9 9 59 0
370 36 15 8 59 0
371 35 10 14 59 0
372 31 5 23 59 0
373 37 9 13 59 0
374 32 5 22 59 0
375 42 17 1 60 0
376 32 11 16 59 0
377 31 10 18 59 0
378 21 4 34 59 0
379 34 7 19 60 0
380 26 18 16 60 0
381 50 8 1 59 0
382 43 7 8 58 0
383 46 12 1 59 0
384 47 11 1 59 0
385 42 10 5 57 0
386 39 12 5 56 0
387 8 10 42 60 0
388 38 7 15 60 0
389 38 11 11 60 0
390 29 14 16 59 0
391 41 13 6 60 0
392 85 12 23 120 1
393 50 4 6 60 0
394 39 10 11 60 0
395 24 12 24 60 0
396 30 11 19 60 0
397 13 29 8 50 0
398 33 15 3 51 0
400 38 4 15 57 0
401 45 11 1 57 0
402 18 11 25 54 0
403 25 21 11 57 0
404 16 5 38 59 0
405 47 10 0 57 0
406 43 11 3 57 0
407 47 7 5 59 0
408 34 5 21 60 0
409 34 3 23 60 0
410 33 4 23 60 0
411 50 4 5 59 0
412 38 11 11 60 0
413 35 9 16 60 0
414 40 10 10 60 0
415 44 12 0 56 0
416 24 31 1 56 0
417 26 30 0 56 0
418 32 19 5 56 0
419 23 19 14 56 0
420 42 16 0 58 0
421 55 4 0 59 0
422 36 17 5 58 0
424 28 10 22 60 0
425 27 5 28 60 0
426 31 10 18 59 0
427 18 18 23 59 0
429 26 13 20 59 0
430 29 22 8 59 0
431 15 13 31 59 0
432 22 3 34 59 0
433 33 9 17 59 0
434 14 9 35 58 0
435 43 9 6 58 0
436 33 9 17 59 0
437 52 5 2 59 0
438 48 5 3 56 0
439 55 1 0 56 0
442 49 5 2 56 0
445 49 5 2 56 0
446 50 5 2 57 0
450 56 1 0 57 0
453 55 2 0 57 0
454 33 12 16 61 0
455 19 35 9 63 0
456 21 33 10 64 0
457 43 9 11 63 0
458 36 26 2 64 0
459 12 32 20 64 0
463 62 8 9 79 0
464 126 29 4 159 1
465 61 7 8 76 0
466 47 14 18 79 0
467 33 11 34 78 0
468 25 9 45 79 0
469 24 8 47 79 0
470 182 33 108 323 1
471 38 31 10 79 0
472 55 14 10 79 0
473 43 30 6 79 0
474 57 14 8 79 0
475 9 9 61 79 0
476 10 11 58 79 0
477 12 11 56 79 0
478 12 12 55 79 0
479 69 8 2 79 0
480 23 18 37 78 0
481 63 10 5 78 0
482 52 13 9 74 0
483 54 14 10 78 0
485 55 13 8 76 0
486 65 9 0 74 0
488 59 10 8 77 0
489 68 8 2 78 0
490 74 2 2 78 0
491 53 7 16 76 0
492 31 16 26 73 0
493 47 24 2 73 0
494 74 2 2 78 0
495 56 22 0 78 0
496 75 1 0 76 0
497 52 12 13 77 0
498 38 6 34 78 0
499 35 5 35 75 0
500 45 16 14 75 0
501 48 8 21 77 0
502 40 13 25 78 0
504 60 10 10 80 0
506 64 9 8 81 0
508 49 11 21 81 0
509 29 9 43 81 0
510 46 7 28 81 0
511 47 7 27 81 0
513 33 15 32 80 0
514 39 32 10 81 0
515 50 20 10 80 0
516 56 15 9 80 0
517 71 1 9 81 0
518 24 20 34 78 0
519 9 24 46 79 0
520 60 11 9 80 0
521 51 19 11 81 0
522 38 7 36 81 0
523 41 10 30 81 0
524 78 1 0 79 0
525 49 22 8 79 0
526 59 14 6 79 0
527 64 15 0 79 0
528 54 16 9 79 0
529 41 11 29 81 0
530 42 15 24 81 0
531 30 11 39 80 0
532 50 29 1 80 0
533 59 18 0 77 0
534 49 27 1 77 0
535 57 17 0 74 0
536 17 20 42 79 0
537 74 5 0 79 0
538 31 24 23 78 0
539 77 1 0 78 0
540 61 10 10 81 0
541 29 12 40 81 0
542 29 11 41 81 0
543 40 13 28 81 0
544 42 11 28 81 0
546 30 3 45 78 0
547 59 18 2 79 0
548 65 8 5 78 0
549 72 6 0 78 0
550 70 5 3 78 0
551 70 6 2 78 0
552 68 6 5 79 0
553 70 4 5 79 0
554 49 22 9 80 0
555 27 13 41 81 0
556 51 17 9 77 0
557 107 35 18 160 1
558 52 17 9 78 0
559 135 22 0 157 1
560 68 3 6 77 0
561 71 6 0 77 0
562 54 15 10 79 0
563 67 14 0 81 0
564 69 4 8 81 0
565 80 0 1 81 0
566 42 27 9 78 0
567 53 19 9 81 0
568 38 43 0 81 0
569 8 37 36 81 0
570 35 28 18 81 0
571 56 23 0 79 0
572 56 24 0 80 0
573 30 11 41 82 0
574 29 11 42 82 0
575 41 11 30 82 0
576 43 10 29 82 0
578 42 38 0 80 0
579 22 25 34 81 0
580 43 24 14 81 0
581 43 25 11 79 0
582 76 0 1 77 0
583 62 14 0 76 0
584 45 26 9 80 0
585 63 6 3 72 0
586 45 17 20 82 0
587 44 28 10 82 0
588 36 16 30 82 0
589 39 18 25 82 0
590 48 15 19 82 0
591 51 14 17 82 0
592 51 15 16 82 0
593 68 12 0 80 0
594 57 22 0 79 0
595 60 20 1 81 0
596 48 22 10 80 0
597 38 14 28 80 0
598 51 15 10 76 0
599 67 13 0 80 0
600 67 15 0 82 0
601 81 1 0 82 0
602 49 21 9 79 0
603 22 7 44 73 0
604 53 17 10 80 0
607 36 6 40 82 0
608 54 15 5 74 0
609 55 22 3 80 0
610 55 21 4 80 0
611 53 25 2 80 0
612 56 22 2 80 0
613 58 21 1 80 0
614 40 25 16 81 0
615 39 20 22 81 0
616 35 15 31 81 0
617 51 25 5 81 0
618 80 1 0 81 0
619 28 18 35 81 0
620 29 18 34 81 0
621 25 19 37 81 0
622 27 31 23 81 0
623 46 15 20 81 0
624 45 8 28 81 0
625 29 26 26 81 0
626 26 20 32 78 0
627 5 43 45 93 0
628 37 22 36 95 0
629 41 17 37 95 0
630 43 15 37 95 0
631 34 26 38 98 0
632 34 22 42 98 0
633 34 24 40 98 0
634 38 26 34 98 0
635 41 23 34 98 0
636 42 22 34 98 0
637 49 35 13 97 0
638 54 31 12 97 0
639 62 24 12 98 0
640 13 31 54 98 0
641 10 33 54 97 0
643 29 18 45 92 0
644 53 27 11 91 0
645 48 18 30 96 0
646 51 9 38 98 0
647 27 22 47 96 0
648 36 11 51 98 0
649 40 19 35 94 0
650 34 13 50 97 0
651 32 16 47 95 0
652 32 14 50 96 0
653 53 19 24 96 0
654 32 30 35 97 0
655 25 29 43 97 0
656 29 22 47 98 0
657 41 22 35 98 0
658 89 9 0 98 0
659 88 2 0 90 0
660 69 21 2 92 0
661 68 17 6 91 0
662 1 9 82 92 0
663 86 6 0 92 0
664 90 3 0 93 0
665 78 15 0 93 0
666 31 25 39 95 0
667 22 35 39 96 0
668 52 17 27 96 0
669 40 16 40 96 0
670 63 27 8 98 0
671 28 27 42 97 0
672 43 32 22 97 0
673 68 26 0 94 0
674 88 5 0 93 0
675 83 11 0 94 0
676 61 23 9 93 0
677 50 19 24 93 0
678 39 44 11 94 0
679 74 9 0 83 0
680 79 8 2 89 0
681 84 8 0 92 0
682 64 29 3 96 0
683 42 21 34 97 0
684 85 10 1 96 0
685 88 8 1 97 0
686 193 1 3 197 1
687 42 20 36 98 0
688 41 24 30 95 0
689 77 22 0 99 0
690 90 9 0 99 0
691 40 23 36 99 0
692 49 24 26 99 0
693 61 33 5 99 0
694 69 19 11 99 0
695 83 5 11 99 0
696 50 25 24 99 0
697 67 11 21 99 0
698 60 23 16 99 0
699 29 17 53 99 0
700 45 49 3 97 0
701 30 18 45 93 0
702 33 15 41 89 0
703 61 23 11 95 0
704 63 17 15 95 0
705 47 34 13 94 0
706 67 13 2 82 0
707 73 9 2 84 0
708 41 14 37 92 0
709 44 12 38 94 0
710 44 15 35 94 0
711 37 38 17 92 0
712 33 13 46 92 0
713 86 4 1 91 0
714 78 9 0 87 0
715 0 43 52 95 0
716 63 11 23 97 0
717 45 27 25 97 0
718 55 25 15 95 0
719 29 15 50 94 0
720 56 8 32 96 0
721 59 24 13 96 0
722 41 20 35 96 0
723 67 14 12 93 0
724 21 33 39 93 0
725 51 24 17 92 0
726 54 23 15 92 0
727 35 26 27 88 0
728 44 32 13 89 0
729 48 35 14 97 0
730 51 30 15 96 0
731 51 4 31 86 0
732 67 20 1 88 0
734 48 26 27 101 0
735 68 20 13 101 0
736 87 1 11 99 0
737 71 8 20 99 0
738 71 15 11 97 0
739 62 31 0 93 0
740 55 44 0 99 0
741 56 26 19 101 0
742 56 26 19 101 0
743 53 29 19 101 0
744 55 26 20 101 0
745 19 36 46 101 0
746 97 4 0 101 0
747 53 14 36 103 0
748 53 9 41 103 0
749 41 21 40 102 0
750 48 22 31 101 0
751 52 18 30 100 0
752 50 17 33 100 0
753 47 21 32 100 0
755 69 75 46 190 1
756 61 20 21 102 0
757 61 7 34 102 0
758 23 39 41 103 0
759 30 29 45 104 0
760 119 43 161 323 1
761 29 14 50 93 0
762 32 12 50 94 0
763 16 22 56 94 0
764 90 2 3 95 0
765 77 16 0 93 0
766 59 18 11 88 0
767 72 18 0 90 0
768 41 39 15 95 0
769 47 24 25 96 0
770 57 29 11 97 0
771 56 29 10 95 0
772 62 38 0 100 0
773 44 25 29 98 0
774 39 22 37 98 0
775 64 21 14 99 0
776 129 74 0 203 1
777 52 32 11 95 0
778 5 40 50 95 0
779 67 15 13 95 0
780 61 24 11 96 0
781 58 24 13 95 0
782 60 27 11 98 0
783 49 32 17 98 0
784 26 32 43 101 0
785 47 8 45 100 0
786 37 20 44 101 0
787 44 26 32 102 0
788 99 1 2 102 0
789 53 29 11 93 0
790 97 3 0 100 0
791 36 64 0 100 0
792 39 61 0 100 0
793 37 18 45 100 0
794 57 24 21 102 0
795 62 15 26 103 0
796 24 33 46 103 0
797 94 9 0 103 0
798 75 16 12 103 0
800 93 10 0 103 0
801 55 42 1 98 0
802 75 23 1 99 0
803 73 27 1 101 0
804 55 13 35 103 0
805 88 14 1 103 0
806 43 19 34 96 0
807 83 11 2 96 0
809 80 19 2 101 0
810 49 5 52 106 0
811 67 23 16 106 0
812 81 17 0 98 0
813 78 24 0 102 0
814 84 8 10 102 0
815 100 2 0 102 0
816 101 1 0 102 0
817 101 1 0 102 0
818 65 27 10 102 0
819 97 5 0 102 0
820 51 40 10 101 0
821 45 13 46 104 0
822 27 6 75 108 0
823 86 11 0 97 0
824 49 26 11 86 0
825 58 26 22 106 0
826 39 32 17 88 0
828 40 31 26 97 0
829 44 30 23 97 0
830 34 21 48 103 0
831 38 15 41 94 0
832 87 12 2 101 0
833 82 13 7 102 0
834 50 7 47 104 0
835 51 6 47 104 0
836 38 21 46 105 0
837 53 13 40 106 0
838 55 13 38 106 0
839 101 4 0 105 0
840 25 16 47 88 0
841 57 18 14 89 0
842 42 32 26 100 0
843 34 32 34 100 0
844 75 8 18 101 0
845 58 41 0 99 0
847 49 41 15 105 0
848 51 42 12 105 0
849 50 43 13 106 0
850 68 22 17 107 0
851 102 4 1 107 0
852 106 0 1 107 0
853 90 13 2 105 0
854 76 20 11 107 0
856 73 19 2 94 0
857 84 17 6 107 0
858 37 9 56 102 0
859 33 14 55 102 0
860 64 25 18 107 0
861 91 15 0 106 0
862 79 18 1 98 0
863 91 11 2 104 0
864 29 48 20 97 0
865 96 4 1 101 0
866 95 6 0 101 0
867 50 22 10 82 0
868 51 23 10 84 0
869 183 92 41 316 1
870 58 21 28 107 0
871 65 27 15 107 0
872 99 0 2 101 0
873 89 3 2 94 0
874 61 33 11 105 0
875 77 19 11 107 0
877 97 4 11 112 0
878 96 5 11 112 0
880 82 18 9 109 0
881 64 25 22 111 0
882 90 10 11 111 0
883 107 1 2 110 0
884 56 11 49 116 0
885 281 123 325 729 1
886 93 5 0 98 0
887 112 1 0 113 0
888 102 6 0 108 0
889 92 14 1 107 0
890 105 2 0 107 0
891 91 7 1 99 0
892 80 16 2 98 0
893 77 14 16 107 0
894 66 21 19 106 0
895 78 29 0 107 0
896 94 14 0 108 0
897 77 26 4 107 0
898 48 24 33 105 0
899 48 19 37 104 0
900 96 11 0 107 0
901 87 19 0 106 0
902 35 67 2 104 0
903 99 4 2 105 0
904 100 4 2 106 0
905 63 12 37 112 0
906 57 32 22 111 0
907 61 32 18 111 0
908 47 54 5 106 0
909 43 23 25 91 0
910 59 4 45 108 0
911 74 27 6 107 0
912 62 27 18 107 0
914 66 15 26 107 0
915 84 25 0 109 0
916 86 22 0 108 0
917 53 9 42 104 0
918 44 45 14 103 0
919 109 1 0 110 0
922 86 18 2 106 0
923 90 27 2 119 0
924 18 49 52 119 0
925 85 32 2 119 0
926 114 3 2 119 0
927 17 58 22 97 0
928 48 59 1 108 0
929 66 7 48 121 0
931 34 25 62 121 0
932 98 8 2 108 0
933 37 22 48 107 0
934 85 2 0 87 0
935 70 22 13 105 0
936 35 7 71 113 0
937 72 8 31 111 0
938 38 9 55 102 0
939 58 21 23 102 0
940 77 19 7 103 0
941 58 24 11 93 0
942 55 26 11 92 0
945 66 39 2 107 0
947 102 3 0 105 0
948 76 13 18 107 0
949 85 13 2 100 0
950 99 1 1 101 0
951 49 27 41 117 0
952 56 25 36 117 0
953 97 15 0 112 0
954 20 34 62 116 0
955 22 34 60 116 0
956 21 34 61 116 0
957 24 29 62 115 0
958 21 35 60 116 0
959 21 30 66 117 0
960 67 32 19 118 0
961 103 8 0 111 0
962 101 14 0 115 0
963 85 27 2 114 0
964 70 28 16 114 0
965 71 25 17 113 0
966 81 24 8 113 0
967 72 39 2 113 0
968 95 18 1 114 0
969 75 37 3 115 0
970 105 8 2 115 0
971 218 72 50 340 1
972 268 74 2 344 1
973 70 28 18 116 0
974 109 6 0 115 0
975 49 24 37 110 0
976 92 18 2 112 0
977 68 26 23 117 0
978 95 11 3 109 0
979 82 21 7 110 0
980 67 12 41 120 0
981 69 4 48 121 0
983 35 54 31 120 0
984 32 30 57 119 0
985 82 28 0 110 0
986 87 17 5 109 0
987 91 17 2 110 0
988 77 30 0 107 0
989 37 12 61 110 0
990 75 13 23 111 0
991 74 20 17 111 0
992 31 16 46 93 0
993 63 25 7 95 0
994 66 28 7 101 0
995 81 19 2 102 0
996 75 12 8 95 0
997 110 2 2 114 0
998 93 19 2 114 0
999 84 17 0 101 0
1000 99 4 0 103 0
1001 101 3 0 104 0
1002 50 12 51 113 0
1003 51 9 54 114 0
1004 49 11 55 115 0
1005 74 37 3 114 0
1006 110 8 0 118 0
1007 85 18 16 119 0
1008 91 20 6 117 0
1009 73 27 19 119 0
1010 86 29 1 116 0
1013 88 30 0 118 0
1014 95 21 4 120 0
1015 96 18 2 116 0
1016 19 29 63 111 0
1017 86 19 9 114 0
1018 210 16 147 373 1
1020 63 29 32 124 0
1021 30 27 67 124 0
1022 58 36 7 101 0
1023 85 15 3 103 0
1024 47 23 52 122 0
1025 56 13 48 117 0
1026 12 34 66 112 0
1027 11 31 71 113 0
1028 11 29 73 113 0
1029 73 21 14 108 0
1030 55 28 33 116 0
1031 96 16 2 114 0
1032 66 26 18 110 0
1033 256 53 9 318 1
1034 87 19 2 108 0
1035 58 48 4 110 0
1036 58 42 10 110 0
1037 36 43 31 110 0
1038 82 25 7 114 0
1039 72 24 19 115 0
1040 61 17 37 115 0
1041 224 8 0 232 1
1044 115 1 2 118 0
1045 67 34 18 119 0
1046 103 5 7 115 0
1047 98 16 0 114 0
1048 75 30 9 114 0
1049 108 7 0 115 0
1050 73 28 15 116 0
1051 71 20 25 116 0
1052 29 73 9 111 0
1053 41 66 4 111 0
1054 112 7 0 119 0
1055 85 25 9 119 0
1056 110 0 10 120 0
1057 86 24 9 119 0
1058 52 38 29 119 0
1059 34 33 51 118 0
1060 36 33 53 122 0
1061 86 26 6 118 0
1062 93 22 6 121 0
1063 69 29 23 121 0
1064 81 24 17 122 0
1065 118 2 0 120 0
1066 77 15 26 118 0
1067 95 6 2 103 0
1070 30 42 42 114 0
1071 15 39 60 114 0
1072 84 30 0 114 0
1073 113 2 2 117 0
1074 97 18 2 117 0
1075 162 34 17 213 1
1076 77 18 7 102 0
1077 137 43 54 234 1
1078 92 19 2 113 0
1079 90 1 2 93 0
1080 50 21 46 117 0
1081 48 47 22 117 0
1082 108 3 0 111 0
1083 52 49 13 114 0
1084 67 26 16 109 0
1085 76 54 95 225 1
1086 134 46 34 214 1
1087 62 19 18 99 0
1088 66 19 14 99 0
1090 80 18 2 100 0
1091 76 21 5 102 0
1092 62 28 28 118 0
1093 61 35 8 104 0
1094 110 4 0 114 0
1095 82 29 1 112 0
1096 48 31 30 109 0
1097 43 27 44 114 0
1098 73 20 23 116 0
1100 182 46 2 230 1
1101 90 22 0 112 0
1102 112 3 0 115 0
1103 104 13 0 117 0
1104 80 36 3 119 0
1105 110 10 0 120 0
1106 80 37 1 118 0
1107 35 42 42 119 0
1108 74 34 9 117 0
1109 91 16 13 120 0
1110 72 15 25 112 0
1111 71 16 25 112 0
1112 86 15 6 107 0
1113 99 8 2 109 0
1114 98 9 2 109 0
1115 13 14 58 85 0
1116 57 39 16 112 0
1117 45 27 49 121 0
1118 60 12 42 114 0
1121 49 10 33 92 0
1122 48 35 27 110 0
1124 58 28 10 96 0
1125 104 2 2 108 0
1126 102 14 0 116 0
1127 106 10 0 116 0
1128 104 12 0 116 0
1130 89 7 1 97 0
1131 50 38 31 119 0
1132 49 28 43 120 0
1133 47 49 23 119 0
1134 93 17 5 115 0
1135 107 6 2 115 0
1136 100 9 2 111 0
1137 91 16 6 113 0
1138 72 31 11 114 0
1139 76 27 11 114 0
1140 68 35 12 115 0
1141 64 38 12 114 0
1142 79 27 9 115 0
1143 85 32 0 117 0
1144 77 36 2 115 0
1145 67 20 30 117 0
1146 318 39 9 366 1
1147 104 8 2 114 0
1148 65 18 23 106 0
1149 92 11 0 103 0
1150 82 10 13 105 0
1151 85 12 11 108 0
1152 199 21 14 234 1
1153 27 29 50 106 0
1155 380 86 16 482 1
1156 98 5 0 103 0
1158 111 0 2 113 0
1159 80 11 1 92 0
1160 103 11 0 114 0
1161 65 39 2 106 0
1162 93 22 5 120 0
1163 82 18 15 115 0
1165 334 16 0 350 1
1167 55 24 35 114 0
1168 51 29 35 115 0
1169 38 30 48 116 0
1170 79 34 1 114 0
1171 52 43 20 115 0
1172 83 20 13 116 0
1173 102 13 0 115 0
1174 106 10 0 116 0
1175 102 17 1 120 0
1176 108 6 7 121 0
1178 126 0 1 127 0
1179 65 15 47 127 0
1180 56 38 26 120 0
1181 68 22 28 118 0
1182 115 1 2 118 0
1183 117 2 1 120 0
1184 53 19 56 128 0
1185 61 15 53 129 0
1186 55 15 59 129 0
1187 2 66 60 128 0
1188 2 64 62 128 0
1189 51 16 61 128 0
1190 76 17 35 128 0
1191 44 42 3 89 0
1192 109 0 2 111 0
1193 106 13 2 121 0
1194 102 9 3 114 0
1195 95 3 0 98 0
1197 93 4 0 97 0
1198 112 3 1 116 0
1199 108 5 1 114 0
1200 106 7 2 115 0
1201 110 2 2 114 0
1202 86 22 6 114 0
1203 108 6 2 116 0
1204 104 9 1 114 0
1205 107 5 2 114 0
1206 110 1 1 112 0
1207 79 35 4 118 0
1208 53 43 23 119 0
1209 88 28 3 119 0
1210 97 14 3 114 0
1212 102 11 1 114 0
1213 94 17 1 112 0
1214 82 24 6 112 0
1215 102 12 1 115 0
1216 85 22 3 110 0
1217 92 16 6 114 0
1218 102 11 1 114 0
1219 92 15 6 113 0
1220 96 16 3 115 0
1221 93 15 5 113 0
1222 86 23 5 114 0
1223 87 23 2 112 0
1224 50 43 23 116 0
1225 50 44 24 118 0
1226 76 33 10 119 0
1227 104 10 11 125 0
1228 93 0 1 94 0
1230 91 12 9 112 0
1231 16 42 65 123 0
1232 14 47 63 124 0
1233 17 45 63 125 0
1234 15 45 63 123 0
1235 16 40 65 121 0
1236 21 38 63 122 0
1237 16 44 63 123 0
1238 9 44 69 122 0
1239 79 36 7 122 0
1240 18 47 56 121 0
1241 27 47 33 107 0
1242 91 15 7 113 0
1243 87 9 15 111 0
1244 86 25 2 113 0
1245 100 8 0 108 0
1246 77 4 7 88 0
1247 78 2 8 88 0
1248 81 1 9 91 0
1249 86 10 0 96 0
1250 105 4 0 109 0
1252 60 55 0 115 0
1253 52 63 0 115 0
1254 62 54 0 116 0
1255 74 36 2 112 0
1256 71 38 2 111 0
1257 49 62 5 116 0
1258 55 57 5 117 0
1259 91 21 2 114 0
1260 110 1 0 111 0
1261 110 1 0 111 0
1262 101 10 0 111 0
1263 52 25 40 117 0
1264 78 25 11 114 0
1265 125 43 76 244 1
1266 103 16 1 120 0
1267 53 46 20 119 0
1268 85 34 2 121 0
1269 43 20 57 120 0
1270 17 29 70 116 0
1271 104 7 9 120 0
1272 105 15 2 122 0
1273 59 54 1 114 0
1274 117 1 0 118 0
1275 98 19 1 118 0
1277 110 8 2 120 0
1278 93 27 4 124 0
1279 202 36 13 251 1
1281 113 7 2 122 0
1282 94 22 8 124 0
1283 248 0 4 252 1
1284 119 1 0 120 0
1286 96 16 1 113 0
1287 55 58 7 120 0
1289 107 2 11 120 0
1290 107 1 9 117 0
1291 110 10 0 120 0
1292 112 9 0 121 0
1293 120 2 0 122 0
1294 112 9 0 121 0
1295 93 10 16 119 0
1296 75 26 17 118 0
1297 96 23 1 120 0
1298 106 7 9 122 0
1300 110 13 0 123 0
1301 112 2 10 124 0
1302 111 12 0 123 0
1303 105 1 0 106 0
1304 87 27 0 114 0
1305 57 59 1 117 0
1306 101 17 0 118 0
1307 73 46 4 123 0
1308 95 33 0 128 0
1309 99 15 0 114 0
1310 113 2 0 115 0
1311 100 10 0 110 0
1312 105 9 4 118 0
1313 89 23 4 116 0
1314 80 29 4 113 0
1315 70 21 35 126 0
1317 111 8 1 120 0
1318 25 34 64 123 0
1319 86 31 7 124 0
1320 63 49 10 122 0
1321 95 24 6 125 0
1322 93 26 5 124 0
1323 67 37 21 125 0
1324 102 7 1 110 0
1325 123 8 0 131 0
1326 113 11 2 126 0
1327 69 41 15 125 0
1328 100 28 0 128 0
1329 45 28 50 123 0
1330 74 25 26 125 0
1331 98 21 3 122 0
1332 95 22 3 120 0
1333 103 21 0 124 0
1334 106 20 0 126 0
1335 89 8 25 122 0
1336 91 8 25 124 0
1337 96 28 0 124 0
1338 39 56 22 117 0
1339 26 87 2 115 0
1340 23 40 56 119 0
1341 99 7 20 126 0
1342 104 13 6 123 0
1343 102 24 0 126 0
1344 121 5 0 126 0
1345 56 37 26 119 0
1346 112 9 1 122 0
1347 111 13 0 124 0
1350 124 1 0 125 0
1351 99 5 18 122 0
1352 104 20 0 124 0
1353 101 22 0 123 0
1354 115 8 0 123 0
1355 105 2 0 107 0
1356 38 27 63 128 0
1357 103 25 0 128 0
1358 66 33 27 126 0
1359 47 22 57 126 0
1360 65 61 0 126 0
1361 56 69 1 126 0
1362 76 17 35 128 0
1363 112 7 0 119 0
1365 86 32 0 118 0
1366 113 9 0 122 0
1367 111 9 0 120 0
1368 114 8 0 122 0
1369 108 12 0 120 0
1371 89 18 8 115 0
1372 231 19 4 254 1
1373 106 15 6 127 0
1375 84 26 10 120 0
1376 206 35 8 249 1
1377 103 15 4 122 0
1380 121 1 1 123 0
1381 122 1 1 124 0
1382 115 8 2 125 0
1383 119 5 1 125 0
1384 100 21 4 125 0
1385 105 6 2 113 0
1386 124 0 2 126 0
1388 98 8 6 112 0
1389 111 9 4 124 0
1390 93 23 8 124 0
1392 92 6 0 98 0
1394 81 22 27 130 0
1395 99 19 9 127 0
1396 111 20 0 131 0
1397 55 21 53 129 0
1398 75 26 15 116 0
1399 94 30 3 127 0
1401 113 5 8 126 0
1402 127 1 0 128 0
1403 119 9 0 128 0
1404 115 2 9 126 0
1405 116 2 8 126 0
1406 126 2 0 128 0
1407 113 12 0 125 0
1409 92 24 9 125 0
1410 41 27 59 127 0
1411 93 26 0 119 0
1412 94 19 1 114 0
1413 100 11 2 113 0
1414 93 20 0 113 0
1415 116 12 0 128 0
1416 95 35 0 130 0
1418 89 33 5 127 0
1419 65 57 7 129 0
1420 86 28 0 114 0
1421 117 5 0 122 0
1422 91 33 0 124 0
1423 86 13 0 99 0
1424 68 29 24 121 0
1425 53 21 50 124 0
1426 80 3 26 109 0
1427 72 13 37 122 0
1428 93 21 14 128 0
1429 50 17 55 122 0
1430 120 5 0 125 0
1431 90 27 7 124 0
1432 110 12 4 126 0
1433 87 33 6 126 0
1434 64 28 28 120 0
1435 35 62 20 117 0
1436 29 37 59 125 0
1437 108 14 0 122 0
1438 86 28 11 125 0
1439 108 16 1 125 0
1440 93 24 4 121 0
1441 90 26 5 121 0
1442 100 25 0 125 0
1443 95 26 5 126 0
1444 118 10 0 128 0
1445 118 10 0 128 0
1446 83 38 2 123 0
1447 93 26 2 121 0
1448 106 18 0 124 0
1449 110 15 0 125 0
1451 77 43 5 125 0
1452 89 38 0 127 0
1453 123 5 0 128 0
1454 118 10 0 128 0
1455 112 17 0 129 0
1456 113 17 0 130 0
1457 74 28 21 123 0
1458 5 79 36 120 0
1459 19 94 7 120 0
1460 9 82 29 120 0
1461 94 29 0 123 0
1462 107 6 0 113 0
1463 83 19 13 115 0
1464 105 23 0 128 0
1467 108 17 4 129 0
1469 104 19 5 128 0
1470 121 5 2 128 0
1471 347 31 5 383 1
1473 227 36 0 263 1
1474 113 13 5 131 0
1475 115 15 0 130 0
1476 116 14 0 130 0
1477 110 18 0 128 0
1478 108 23 0 131 0
1479 112 2 1 115 0
1480 107 12 1 120 0
1481 119 4 2 125 0
1482 123 3 1 127 0
1483 121 5 2 128 0
1484 117 10 1 128 0
1485 84 23 3 110 0
1486 63 27 31 121 0
1487 99 19 1 119 0
1488 117 0 1 118 0
1489 88 20 7 115 0
1490 93 30 7 130 0
1491 61 27 31 119 0
1492 103 16 3 122 0
1493 100 13 3 116 0
1494 91 20 4 115 0
1495 115 0 2 117 0
1496 52 16 5 73 0
1497 108 1 3 112 0
1498 106 7 8 121 0
1499 113 11 0 124 0
1500 111 3 9 123 0
1501 114 0 10 124 0
1502 54 35 38 127 0
1503 71 28 30 129 0
1504 97 28 2 127 0
1505 117 9 0 126 0
1506 108 13 0 121 0
1507 98 27 0 125 0
1508 103 26 0 129 0
1509 105 23 1 129 0
1510 97 29 3 129 0
1511 112 16 1 129 0
1512 112 15 1 128 0
1513 114 13 1 128 0
1514 113 14 1 128 0
1515 108 20 1 129 0
1516 115 12 3 130 0
1517 119 14 1 134 0
1518 227 31 0 258 1
1520 115 17 0 132 0
1521 113 11 0 124 0
1522 128 2 0 130 0
1523 104 27 1 132 0
1524 96 36 2 134 0
1525 66 9 0 75 0
1526 95 33 3 131 0
1527 58 20 56 134 0
1528 56 24 54 134 0
1529 0 32 102 134 0
1530 53 19 61 133 0
1531 61 31 43 135 0
1532 98 14 23 135 0
1533 125 9 1 135 0
1534 95 19 17 131 0
1535 105 20 4 129 0
1536 89 37 8 134 0
1537 95 31 4 130 0
1538 121 7 0 128 0
1539 89 36 4 129 0
1540 122 3 0 125 0
1541 105 17 6 128 0
1543 68 35 10 113 0
1544 110 17 0 127 0
1545 79 29 22 130 0
1546 97 34 2 133 0
1547 99 32 2 133 0
1548 99 12 2 113 0
1549 125 8 1 134 0
1550 100 28 8 136 0
1551 120 10 6 136 0
1552 126 5 0 131 0
1553 122 11 1 134 0
1554 88 33 5 126 0
1555 90 26 8 124 0
1556 28 37 59 124 0
1557 66 41 18 125 0
1558 107 20 1 128 0
1560 111 20 1 132 0
1561 87 43 0 130 0
1562 515 13 0 528 1
1563 118 13 0 131 0
1566 109 9 1 119 0
1567 118 2 0 120 0
1568 111 10 0 121 0
1569 95 14 13 122 0
1570 91 19 22 132 0
1571 112 15 0 127 0
1572 111 18 0 129 0
1573 112 18 0 130 0
1574 75 42 12 129 0
1575 101 13 7 121 0
1576 90 20 21 131 0
1577 109 7 9 125 0
1578 75 18 23 116 0
1579 76 58 0 134 0
1580 32 45 57 134 0
1581 82 36 15 133 0
1582 101 25 8 134 0
1583 93 27 18 138 0
1584 114 12 1 127 0
1585 84 27 17 128 0
1587 249 8 2 259 1
1588 110 19 0 129 0
1589 59 30 51 140 0
1590 54 43 43 140 0
1591 108 21 2 131 0
1592 106 24 2 132 0
1593 354 39 0 393 1
1594 106 25 0 131 0
1596 127 1 0 128 0
1597 82 36 10 128 0
1599 664 6 0 670 1
1600 110 20 0 130 0
1601 93 35 2 130 0
1602 112 15 1 128 0
1603 97 24 5 126 0
1604 108 14 2 124 0
1605 102 12 10 124 0
1606 115 13 0 128 0
1607 126 2 0 128 0
1608 103 9 0 112 0
1609 104 8 0 112 0
1610 107 7 0 114 0
1611 101 16 15 132 0
1612 123 1 0 124 0
1613 97 28 3 128 0
1614 89 26 7 122 0
1615 113 7 2 122 0
1616 87 33 1 121 0
1617 82 32 6 120 0
1618 115 11 3 129 0
1619 100 30 2 132 0
1620 116 6 19 141 0
1621 115 8 18 141 0
1622 72 32 35 139 0
1623 109 10 0 119 0
1624 95 23 11 129 0
1625 106 26 0 132 0
1626 125 4 0 129 0
1627 89 23 21 133 0
1628 107 26 1 134 0
1629 102 26 3 131 0
1630 115 6 0 121 0
1631 113 9 0 122 0
1633 246 9 0 255 1
1634 366 41 0 407 1
1635 89 32 6 127 0
1636 226 31 17 274 1
1637 121 11 1 133 0
1638 88 41 0 129 0
1639 56 34 42 132 0
1640 109 20 0 129 0
1641 72 43 10 125 0
1642 95 10 3 108 0
1643 117 0 9 126 0
1644 117 11 0 128 0
1645 109 22 1 132 0
1646 119 0 11 130 0
1647 119 12 0 131 0
1648 114 5 9 128 0
1649 119 3 9 131 0
1650 121 3 9 133 0
1651 119 13 0 132 0
1652 105 28 1 134 0
1653 134 1 0 135 0
1654 111 20 8 139 0
1655 91 28 20 139 0
1656 128 12 0 140 0
1657 133 8 0 141 0
1658 110 24 6 140 0
1659 108 22 11 141 0
1660 105 27 8 140 0
1661 124 16 0 140 0
1662 95 27 1 123 0
1663 90 30 16 136 0
1664 124 3 1 128 0
1665 132 1 0 133 0
1666 91 29 11 131 0
1667 122 8 2 132 0
1668 384 23 2 409 1
1670 91 32 2 125 0
1671 105 27 2 134 0
1675 96 30 8 134 0
1676 91 43 2 136 0
1677 121 14 1 136 0
1678 116 18 2 136 0
1679 120 11 2 133 0
1680 106 27 0 133 0
1681 95 36 2 133 0
1682 103 11 1 115 0
1683 98 17 0 115 0
1684 107 11 10 128 0
1685 95 33 0 128 0
1686 106 22 2 130 0
1687 118 2 2 122 0
1688 118 3 2 123 0
1689 130 4 3 137 0
1690 547 7 3 557 1
1691 101 30 5 136 0
1692 193 73 4 270 1
1693 101 31 0 132 0
1694 108 26 2 136 0
1695 121 7 0 128 0
1696 99 31 1 131 0
1697 104 27 1 132 0
1698 117 18 1 136 0
1699 115 19 0 134 0
1700 128 8 1 137 0
1701 107 26 2 135 0
1702 97 29 12 138 0
1703 223 42 8 273 1
1704 115 14 1 130 0
1705 112 16 2 130 0
1706 101 30 0 131 0
1707 121 12 0 133 0
1708 96 25 12 133 0
1709 126 8 0 134 0
1710 99 18 9 126 0
1713 103 32 1 136 0
1715 65 53 20 138 0
1717 62 42 22 126 0
1718 120 18 0 138 0
1719 107 12 6 125 0
1720 119 4 0 123 0
1721 118 7 0 125 0
1722 120 7 0 127 0
1723 123 4 0 127 0
1724 113 13 0 126 0
1725 124 7 0 131 0
1726 113 0 2 115 0
1727 113 12 2 127 0
1728 112 12 2 126 0
1729 122 4 0 126 0
1730 119 2 11 132 0
1731 121 0 10 131 0
1732 106 24 1 131 0
1733 115 3 11 129 0
1734 114 8 9 131 0
1735 119 1 10 130 0
1737 119 1 10 130 0
1738 117 3 10 130 0
1739 119 1 10 130 0
1740 94 25 0 119 0
1741 130 8 1 139 0
1742 122 17 0 139 0
1743 135 5 0 140 0
1744 117 24 0 141 0
1745 136 4 0 140 0
1746 136 5 0 141 0
1747 130 11 0 141 0
1748 135 6 0 141 0
1749 116 20 6 142 0
1750 202 62 8 272 1
1751 99 30 12 141 0
1752 94 27 20 141 0
1756 88 30 19 137 0
1757 113 17 7 137 0
1758 111 22 7 140 0
1760 136 4 0 140 0
1761 112 17 9 138 0
1762 112 28 0 140 0
1764 125 14 0 139 0
1766 120 5 0 125 0
1767 116 14 0 130 0
1768 129 1 2 132 0
1773 589 238 13 840 1
1774 111 25 1 137 0
1775 102 29 1 132 0
1776 121 13 2 136 0
1777 254 27 0 281 1
1778 95 39 0 134 0
1779 91 41 0 132 0
1780 112 16 2 130 0
1781 135 0 2 137 0
1782 116 21 0 137 0
1783 252 28 0 280 1
1784 118 19 2 139 0
1785 110 10 0 120 0
1786 122 1 0 123 0
1787 255 8 2 265 1
1788 125 0 1 126 0
1791 195 70 5 270 1
1792 350 63 0 413 1
1793 129 9 0 138 0
1794 129 9 0 138 0
1795 109 27 3 139 0
1796 125 13 0 138 0
1797 338 74 8 420 1
1798 263 14 0 277 1
1799 127 13 0 140 0
1800 106 26 0 132 0
1801 133 0 1 134 0
1803 97 25 14 136 0
1804 98 22 18 138 0
1805 126 11 0 137 0
1806 126 11 0 137 0
1807 126 11 0 137 0
1808 132 1 1 134 0
1809 124 15 0 139 0
1810 71 46 19 136 0
1812 254 25 4 283 1
1814 67 48 26 141 0
1815 101 28 12 141 0
1816 550 28 0 578 1
1817 115 10 0 125 0
1818 115 10 2 127 0
1819 115 10 2 127 0
1820 103 12 2 117 0
1821 98 30 7 135 0
1822 125 0 9 134 0
1823 122 4 9 135 0
1824 122 0 9 131 0
1825 123 12 0 135 0
1826 122 2 9 133 0
1827 123 11 1 135 0
1828 126 0 10 136 0
1829 123 0 12 135 0
1830 119 6 9 134 0
1831 122 13 0 135 0
1832 123 3 9 135 0
1833 122 13 0 135 0
1834 127 2 9 138 0
1835 127 10 0 137 0
1836 107 21 7 135 0
1837 92 28 9 129 0
1838 111 27 4 142 0
1839 115 22 4 141 0
1840 127 1 0 128 0
1841 99 25 19 143 0
1842 105 24 14 143 0
1843 100 26 17 143 0
1847 120 19 0 139 0
1848 123 17 0 140 0
1849 136 5 0 141 0
1850 123 0 4 127 0
1852 83 28 18 129 0
1853 106 16 6 128 0
1854 97 23 5 125 0
1855 99 20 10 129 0
1857 125 4 0 129 0
1858 116 12 0 128 0
1859 104 17 9 130 0
1860 114 13 3 130 0
1861 113 15 0 128 0
1862 118 10 0 128 0
1863 123 16 1 140 0
1864 135 5 1 141 0
1865 137 3 0 140 0
1868 117 24 0 141 0
1869 118 24 0 142 0
1870 121 18 0 139 0
1872 72 37 30 139 0
1873 104 18 18 140 0
1874 130 8 2 140 0
1875 130 12 0 142 0
1876 121 18 0 139 0
1877 137 4 2 143 0
1878 125 13 0 138 0
1879 138 2 0 140 0
1881 119 19 2 140 0
1882 85 45 2 132 0
1883 133 2 0 135 0
1884 126 11 1 138 0
1885 117 21 0 138 0
1886 93 40 0 133 0
1887 105 12 18 135 0
1888 126 1 9 136 0
1889 109 16 10 135 0
1890 108 23 0 131 0
1891 136 2 0 138 0
1892 136 2 0 138 0
1894 116 21 4 141 0
1896 280 4 2 286 1
1898 106 19 11 136 0
1899 105 3 29 137 0
1901 130 10 0 140 0
1903 118 20 1 139 0
1904 122 17 0 139 0
1905 102 35 5 142 0
1908 120 19 0 139 0
1909 119 22 0 141 0
1910 110 21 1 132 0
1911 111 11 11 133 0
1912 105 20 7 132 0
1913 94 19 19 132 0
1914 128 12 0 140 0
1915 130 13 0 143 0
1916 85 49 0 134 0
1917 124 12 0 136 0
1918 107 12 18 137 0
1919 102 15 19 136 0
1920 332 80 0 412 1
1921 118 21 0 139 0
1922 125 14 0 139 0
1923 69 55 6 130 0
1924 98 35 6 139 0
1925 96 38 7 141 0
1926 55 66 17 138 0
1927 91 22 0 113 0
1928 89 39 12 140 0
1929 66 40 31 137 0
1931 1007 22 0 1029 1
1932 130 11 0 141 0
1933 125 15 0 140 0
1934 60 44 31 135 0
1935 172 67 30 269 1
1937 95 12 3 110 0
1938 96 11 3 110 0
1939 96 11 3 110 0
1940 106 14 9 129 0
1941 112 9 9 130 0
1942 113 4 14 131 0
1943 116 9 0 125 0
1944 114 14 0 128 0
1945 118 2 10 130 0
1946 125 9 0 134 0
1947 124 0 9 133 0
1948 113 11 0 124 0
1949 124 1 0 125 0
1950 100 7 18 125 0
1951 105 8 10 123 0
1952 122 11 0 133 0
1953 126 10 0 136 0
1954 130 9 0 139 0
1955 115 6 18 139 0
1956 132 10 0 142 0
1957 113 3 15 131 0
1958 124 0 9 133 0
1959 128 9 0 137 0
1961 99 9 15 123 0
1962 105 21 0 126 0
1963 102 9 14 125 0
1964 85 19 9 113 0
1965 118 8 8 134 0
1966 116 0 11 127 0
1967 125 0 9 134 0
1968 113 10 13 136 0
1969 117 23 1 141 0
1970 116 23 0 139 0
1971 71 34 35 140 0
1972 91 29 21 141 0
1973 100 36 4 140 0
1974 119 15 14 148 0
1975 76 37 33 146 0
1976 119 12 10 141 0
1977 118 9 15 142 0
1978 115 22 1 138 0
1979 105 20 16 141 0
1980 139 5 0 144 0
1981 135 9 0 144 0
1982 137 7 0 144 0
1983 140 5 0 145 0
1984 127 17 0 144 0
1985 110 21 12 143 0
1986 125 12 7 144 0
1987 132 9 3 144 0
1988 119 18 4 141 0
1989 124 13 7 144 0
1990 134 7 3 144 0
1991 142 3 0 145 0
1992 125 19 0 144 0
1993 131 14 0 145 0
1994 102 22 18 142 0
1995 130 12 0 142 0
1996 134 6 0 140 0
1997 395 25 13 433 1
1998 422 14 0 436 1
1999 107 21 16 144 0
2000 137 2 0 139 0
2001 128 11 0 139 0
2004 117 23 0 140 0
2005 126 14 0 140 0
2006 130 11 0 141 0
2007 127 11 0 138 0
2008 112 14 16 142 0
2009 120 18 3 141 0
2010 114 25 1 140 0
2011 241 46 0 287 1
2012 110 29 1 140 0
2013 99 19 18 136 0
2014 118 12 9 139 0
2015 121 9 9 139 0
2016 116 27 0 143 0
2017 97 38 10 145 0
2018 109 24 2 135 0
2019 110 14 11 135 0
2020 112 26 4 142 0
2021 135 1 1 137 0
2022 140 1 0 141 0
2023 138 2 0 140 0
2024 121 17 3 141 0
2025 135 6 1 142 0
2026 112 30 2 144 0
2029 92 37 7 136 0
2030 122 15 0 137 0
2032 114 21 3 138 0
2033 119 21 2 142 0
2034 123 21 0 144 0
2035 116 20 0 136 0
2036 128 9 0 137 0
2037 114 22 1 137 0
2039 119 16 6 141 0
2040 117 7 16 140 0
2041 116 4 18 138 0
2043 106 16 20 142 0
2044 137 7 1 145 0
2045 101 42 0 143 0
2046 73 40 26 139 0
2047 121 21 2 144 0
2048 123 19 2 144 0
2049 120 18 0 138 0
2050 90 39 5 134 0
2051 97 33 6 136 0
2052 132 10 0 142 0
2054 88 39 8 135 0
2055 135 8 0 143 0
2056 62 45 31 138 0
2059 111 12 4 127 0
2060 102 23 3 128 0
2061 101 7 12 120 0
2062 100 17 3 120 0
2063 112 7 9 128 0
2064 114 2 13 129 0
2065 112 3 13 128 0
2066 109 6 13 128 0
2067 112 5 11 128 0
2069 111 9 10 130 0
2070 101 1 33 135 0
2071 121 17 0 138 0
2072 124 13 0 137 0
2073 111 3 21 135 0
2074 91 28 15 134 0
2075 116 11 9 136 0
2076 127 11 0 138 0
2077 108 19 11 138 0
2078 123 6 10 139 0
2079 120 9 9 138 0
2080 119 8 9 136 0
2081 130 0 9 139 0
2082 131 0 9 140 0
2083 131 0 9 140 0
2084 124 5 11 140 0
2085 128 1 9 138 0
2086 118 8 11 137 0
2087 112 16 14 142 0
2088 92 12 14 118 0
2089 118 22 0 140 0
2090 245 37 0 282 1
2091 112 26 6 144 0
2092 126 4 9 139 0
2093 130 0 9 139 0
2094 97 23 24 144 0
2095 70 47 0 117 0
2096 700 79 125 904 1
2097 104 26 1 131 0
2098 121 20 6 147 0
2101 120 25 0 145 0
2102 98 32 16 146 0
2103 85 41 22 148 0
2104 120 23 3 146 0
2105 120 23 4 147 0
2106 143 4 1 148 0
2107 118 15 10 143 0
2108 128 12 4 144 0
2109 115 20 10 145 0
2110 124 13 7 144 0
2111 123 13 8 144 0
2112 120 16 7 143 0
2113 133 12 0 145 0
2114 103 21 19 143 0
2115 130 8 6 144 0
2116 137 5 3 145 0
2117 131 15 0 146 0
2118 132 13 0 145 0
2119 114 22 10 146 0
2120 141 5 0 146 0
2121 137 9 0 146 0
2122 101 30 13 144 0
2123 114 21 0 135 0
2124 138 5 0 143 0
2125 76 38 17 131 0
2126 111 31 2 144 0
2127 129 16 0 145 0
2128 132 13 0 145 0
2129 133 12 0 145 0
2131 236 53 0 289 1
2132 118 7 18 143 0
2133 124 17 4 145 0
2134 112 13 20 145 0
2135 103 17 20 140 0
2136 129 16 0 145 0
2137 132 13 0 145 0
2138 110 31 2 143 0
2140 101 27 14 142 0
2141 95 27 19 141 0
2142 126 19 0 145 0
2143 124 9 11 144 0
2144 135 10 0 145 0
2145 99 38 6 143 0
2146 120 24 0 144 0
2147 265 2 0 267 1
2148 118 1 1 120 0
2149 225 37 6 268 1
2150 119 3 1 123 0
2151 141 1 1 143 0
2152 140 3 1 144 0
2153 118 23 2 143 0
2154 140 3 1 144 0
2155 120 22 2 144 0
2156 117 25 2 144 0
2157 81 39 13 133 0
2158 105 14 16 135 0
2159 134 12 1 147 0
2160 278 12 1 291 1
2161 129 19 0 148 0
2162 118 26 2 146 0
2164 114 27 0 141 0
2165 78 62 0 140 0
2166 132 9 3 144 0
2167 120 26 1 147 0
2168 83 47 9 139 0
2169 96 39 8 143 0
2170 57 46 39 142 0
2171 71 54 12 137 0
2172 132 11 0 143 0
2173 127 15 0 142 0
2174 139 7 0 146 0
2176 59 46 35 140 0
2177 103 28 15 146 0
2179 87 23 6 116 0
2180 93 10 13 116 0
2181 97 16 4 117 0
2182 95 8 14 117 0
2183 87 9 9 105 0
2184 100 1 13 114 0
2185 98 2 13 113 0
2186 95 22 17 134 0
2187 125 12 0 137 0
2188 120 3 9 132 0
2189 111 13 12 136 0
2190 123 1 11 135 0
2191 119 8 9 136 0
2192 124 11 0 135 0
2193 571 48 76 695 1
2195 122 16 6 144 0
2196 98 29 10 137 0
2197 149 0 1 150 0
2198 100 19 25 144 0
2199 81 55 0 136 0
2200 128 5 1 134 0
2201 109 34 2 145 0
2203 123 2 21 146 0
2206 480 84 4 568 1
2207 124 22 2 148 0
2208 121 22 3 146 0
2209 124 20 4 148 0
2210 113 20 13 146 0
2211 141 4 2 147 0
2212 90 36 21 147 0
2213 120 27 0 147 0
2214 118 29 0 147 0
2215 137 10 0 147 0
2216 127 20 0 147 0
2217 254 43 0 297 1
2218 142 5 0 147 0
2219 117 16 12 145 0
2220 132 8 8 148 0
2221 136 8 1 145 0
2222 111 13 18 142 0
2223 121 4 19 144 0
2224 140 7 0 147 0
2225 128 12 7 147 0
2226 131 12 2 145 0
2227 126 14 5 145 0
2228 147 2 0 149 0
2229 128 19 2 149 0
2230 106 17 19 142 0
2231 141 5 1 147 0
2232 140 7 1 148 0
2233 95 27 16 138 0
2234 121 20 2 143 0
2235 121 23 2 146 0
2236 134 10 4 148 0
2237 136 12 0 148 0
2238 111 31 2 144 0
2241 144 2 0 146 0
2242 118 26 0 144 0
2243 120 5 18 143 0
2244 138 9 0 147 0
2245 116 23 0 139 0
2246 121 6 19 146 0
2247 79 57 3 139 0
2248 68 57 14 139 0
2249 116 12 17 145 0
2250 869 26 0 895 1
2251 148 1 0 149 0
2252 111 33 1 145 0
2253 86 35 20 141 0
2254 115 26 0 141 0
2255 130 13 0 143 0
2256 85 42 18 145 0
2257 126 7 13 146 0
2258 135 12 0 147 0
2259 133 11 0 144 0
2260 102 40 2 144 0
2261 124 21 0 145 0
2262 82 42 19 143 0
2263 128 20 0 148 0
2264 121 6 22 149 0
2265 144 2 0 146 0
2266 116 27 2 145 0
2267 142 2 2 146 0
2269 118 26 2 146 0
2271 120 20 2 142 0
2272 146 1 0 147 0
2273 143 3 1 147 0
2274 143 3 1 147 0
2275 112 31 2 145 0
2276 144 2 1 147 0
2277 142 3 1 146 0
2278 115 30 2 147 0
2279 141 2 1 144 0
2280 147 0 2 149 0
2281 139 4 2 145 0
2282 111 25 2 138 0
2283 119 23 0 142 0
2284 117 23 2 142 0
2286 114 30 0 144 0
2287 114 22 0 136 0
2288 128 6 9 143 0
2289 245 12 38 295 1
2290 145 1 1 147 0
2291 124 23 1 148 0
2292 129 4 1 134 0
2293 132 1 1 134 0
2294 139 1 0 140 0
2295 137 5 0 142 0
2296 121 25 0 146 0
2297 136 13 1 150 0
2298 93 36 15 144 0
2299 70 54 22 146 0
2300 84 42 20 146 0
2301 76 57 9 142 0
2303 54 46 43 143 0
2304 111 22 16 149 0
2305 371 74 13 458 1
2306 98 18 3 119 0
2307 95 9 16 120 0
2308 117 0 13 130 0
2309 106 5 23 134 0
2310 118 0 22 140 0
2311 117 17 0 134 0
2312 120 4 16 140 0
2313 127 1 1 129 0
2314 128 0 10 138 0
2315 113 0 25 138 0
2316 130 0 9 139 0
2317 126 0 9 135 0
2318 95 11 32 138 0
2319 107 15 16 138 0
2320 121 6 14 141 0
2321 125 3 13 141 0
2322 127 2 9 138 0
2323 117 4 19 140 0
2325 131 17 0 148 0
2326 114 32 0 146 0
2327 129 18 0 147 0
2328 124 3 15 142 0
2329 105 25 6 136 0
2330 81 45 18 144 0
2331 139 1 0 140 0
2332 123 23 3 149 0
2333 120 15 1 136 0
2334 211 39 46 296 1
2335 114 17 1 132 0
2336 89 53 12 154 0
2337 120 13 2 135 0
2338 105 25 2 132 0
2339 561 29 9 599 1
2340 148 5 0 153 0
2343 135 8 2 145 0
2344 134 1 0 135 0
2345 120 10 15 145 0
2346 137 8 3 148 0
2347 116 19 10 145 0
2348 122 16 8 146 0
2349 144 3 1 148 0
2350 115 10 18 143 0
2351 140 7 1 148 0
2352 136 9 1 146 0
2353 127 13 6 146 0
2354 123 21 2 146 0
2355 125 18 3 146 0
2356 127 17 2 146 0
2357 117 23 4 144 0
2358 124 19 2 145 0
2359 435 166 119 720 1
2360 139 4 1 144 0
2361 137 4 1 142 0
2362 123 22 0 145 0
2364 113 15 17 145 0
2365 111 8 25 144 0
2366 122 23 0 145 0
2367 131 17 0 148 0
2368 141 8 0 149 0
2370 143 5 0 148 0
2371 550 32 0 582 1
2372 124 20 2 146 0
2373 112 35 1 148 0
2374 136 12 0 148 0
2375 133 11 4 148 0
2377 121 26 0 147 0
2378 115 17 10 142 0
2379 115 32 1 148 0
2380 117 14 14 145 0
2381 119 9 19 147 0
2382 80 54 14 148 0
2383 136 11 0 147 0
2384 132 17 0 149 0
2385 132 17 0 149 0
2386 113 15 19 147 0
2387 128 10 9 147 0
2388 109 19 17 145 0
2390 107 34 2 143 0
2391 140 7 1 148 0
2392 137 10 0 147 0
2393 116 26 4 146 0
2394 100 9 14 123 0
2395 95 47 1 143 0
2396 125 2 15 142 0
2397 87 33 20 140 0
2398 84 33 22 139 0
2399 70 51 18 139 0
2400 112 30 0 142 0
2401 121 23 0 144 0
2402 142 2 1 145 0
2403 121 17 0 138 0
2404 136 7 0 143 0
2405 138 8 0 146 0
2406 123 6 16 145 0
2407 120 5 17 142 0
2408 118 8 17 143 0
2409 118 27 0 145 0
2410 109 33 0 142 0
2411 118 19 0 137 0
2412 134 1 1 136 0
2413 564 9 4 577 1
2414 112 21 2 135 0
2415 424 3 3 430 1
2416 555 16 4 575 1
2417 226 52 4 282 1
2418 134 1 1 136 0
2419 108 13 13 134 0
2420 131 1 1 133 0
2421 141 0 2 143 0
2422 143 1 0 144 0
2423 143 0 2 145 0
2424 121 10 13 144 0
2425 126 19 2 147 0
2426 122 23 2 147 0
2427 106 20 16 142 0
2428 127 16 2 145 0
2429 144 1 0 145 0
2430 425 2 6 433 1
2431 146 0 2 148 0
2432 126 20 2 148 0
2433 148 0 1 149 0
2434 115 16 14 145 0
2435 147 0 1 148 0
2436 134 1 8 143 0
2437 133 3 8 144 0
2438 144 4 1 149 0
2439 127 1 21 149 0
2440 129 12 10 151 0
2441 125 25 0 150 0
2442 145 3 2 150 0
2443 376 64 0 440 1
2444 137 9 0 146 0
2445 136 0 10 146 0
2446 146 0 1 147 0
2447 124 22 1 147 0
2448 123 15 10 148 0
2450 122 7 17 146 0
2451 134 14 2 150 0
2452 126 22 1 149 0
2454 85 41 17 143 0
2455 79 49 16 144 0
2456 71 55 18 144 0
2457 111 24 0 135 0
2458 114 21 0 135 0
2459 113 26 1 140 0
2460 82 20 37 139 0
2461 79 49 16 144 0
2463 52 50 46 148 0
2464 762 98 45 905 1
2466 115 18 0 133 0
2467 98 16 3 117 0
2468 97 10 11 118 0
2469 110 7 26 143 0
2470 123 6 11 140 0
2471 119 5 14 138 0
2472 118 6 14 138 0
2473 94 22 25 141 0
2474 129 12 1 142 0
2475 130 3 9 142 0
2476 142 1 1 144 0
2477 142 0 3 145 0
2478 133 11 1 145 0
2479 109 9 22 140 0
2480 123 10 9 142 0
2481 118 12 14 144 0
2482 117 12 13 142 0
2483 138 0 1 139 0
2484 126 17 0 143 0
2485 223 60 2 285 1
2486 110 17 10 137 0
2488 125 17 0 142 0
2489 123 15 11 149 0
2490 108 18 15 141 0
2492 107 28 9 144 0
2493 125 12 2 139 0
2494 142 7 0 149 0
2495 87 54 9 150 0
2498 124 13 0 137 0
2499 119 29 0 148 0
2500 123 27 0 150 0
2501 147 5 0 152 0
2502 125 22 0 147 0
2503 147 5 0 152 0
2504 124 10 16 150 0
2505 128 22 2 152 0
2506 146 4 2 152 0
2507 122 18 10 150 0
2508 149 2 1 152 0
2509 105 18 18 141 0
2510 122 17 9 148 0
2511 140 9 1 150 0
2512 130 14 6 150 0
2513 145 6 1 152 0
2515 286 10 2 298 1
2516 126 19 2 147 0
2517 127 17 3 147 0
2518 124 15 4 143 0
2519 144 0 2 146 0
2520 125 15 3 143 0
2521 136 6 2 144 0
2523 121 20 1 142 0
2524 554 30 7 591 1
2525 201 48 34 283 1
2526 81 29 27 137 0
2528 241 50 4 295 1
2529 119 29 0 148 0
2530 194 88 6 288 1
2531 314 63 55 432 1
2533 99 39 2 140 0
2534 297 2 1 300 1
2535 137 12 0 149 0
2536 118 24 4 146 0
2537 125 6 15 146 0
2538 124 8 13 145 0
2539 112 29 1 142 0
2540 126 6 17 149 0
2541 133 13 0 146 0
2542 135 7 0 142 0
2543 95 30 19 144 0
2544 108 20 18 146 0
2545 142 6 0 148 0
2546 133 11 4 148 0
2547 496 96 4 596 1
2548 88 24 31 143 0
2549 110 15 19 144 0
2550 74 57 12 143 0
2551 108 16 19 143 0
2552 110 15 15 140 0
2553 128 20 0 148 0
2554 132 7 10 149 0
2555 129 18 2 149 0
2556 132 15 1 148 0
2557 136 12 0 148 0
2558 133 14 1 148 0
2559 122 25 1 148 0
2560 99 24 18 141 0
2561 116 8 13 137 0
2562 98 49 1 148 0
2563 96 31 20 147 0
2564 138 8 0 146 0
2565 119 21 0 140 0
2566 124 23 0 147 0
2567 73 46 19 138 0
2568 113 32 1 146 0
2569 132 15 1 148 0
2570 146 3 0 149 0
2571 114 12 17 143 0
2572 135 12 0 147 0
2573 109 18 20 147 0
2574 232 43 4 279 1
2575 424 10 3 437 1
2577 339 89 6 434 1
2581 145 1 1 147 0
2582 128 8 12 148 0
2583 126 5 16 147 0
2584 136 9 4 149 0
2585 591 4 0 595 1
2586 593 4 0 597 1
2587 438 2 6 446 1
2588 503 15 78 596 1
2589 509 82 8 599 1
2590 125 20 2 147 0
2591 130 14 2 146 0
2592 437 2 6 445 1
2593 441 1 6 448 1
2595 120 19 2 141 0
2596 142 0 2 144 0
2597 137 8 1 146 0
2598 122 1 21 144 0
2599 121 23 0 144 0
2600 142 0 2 144 0
2602 128 6 9 143 0
2603 111 24 0 135 0
2604 119 5 19 143 0
2605 127 15 1 143 0
2606 106 7 17 130 0
2607 235 46 2 283 1
2608 133 8 1 142 0
2609 85 44 15 144 0
2610 84 45 14 143 0
2611 88 39 17 144 0
2612 121 25 0 146 0
2613 141 7 2 150 0
2614 515 89 0 604 1
2615 375 56 15 446 1
2616 132 13 1 146 0
2620 111 14 3 128 0
2621 109 6 12 127 0
2622 87 7 12 106 0
2623 120 9 14 143 0
2624 132 0 9 141 0
2625 128 2 10 140 0
2626 127 2 10 139 0
2627 106 16 16 138 0
2628 126 7 9 142 0
2629 122 13 9 144 0
2630 119 14 9 142 0
2631 131 1 9 141 0
2632 133 0 9 142 0
2633 124 7 10 141 0
2635 128 13 0 141 0
2637 116 31 2 149 0
2638 124 16 10 150 0
2639 82 13 31 126 0
2640 142 2 0 144 0
2641 110 18 22 150 0
2642 89 55 10 154 0
2643 139 1 2 142 0
2644 97 34 0 131 0
2646 106 33 2 141 0
2648 128 21 2 151 0
2649 131 17 3 151 0
2650 132 15 3 150 0
2651 122 23 3 148 0
2652 128 25 0 153 0
2653 129 25 0 154 0
2654 148 7 0 155 0
2655 130 24 0 154 0
2656 150 5 0 155 0
2657 123 15 15 153 0
2658 152 0 2 154 0
2659 108 25 19 152 0
2660 148 6 0 154 0
2661 152 2 0 154 0
2662 146 6 2 154 0
2663 138 5 2 145 0
2666 137 7 2 146 0
2670 144 2 1 147 0
2673 124 24 0 148 0
2678 123 24 2 149 0
2679 446 16 0 462 1
2680 272 25 8 305 1
2682 117 32 0 149 0
2683 129 8 12 149 0
2684 139 12 0 151 0
2685 128 10 11 149 0
2686 128 5 17 150 0
2687 127 20 0 147 0
2688 114 7 15 136 0
2689 118 15 16 149 0
2690 84 62 1 147 0
2691 87 31 18 136 0
2692 97 44 2 143 0
2693 128 13 1 142 0
2694 100 24 16 140 0
2695 103 13 19 135 0
2696 101 17 19 137 0
2697 72 53 11 136 0
2698 131 11 0 142 0
2699 103 26 12 141 0
2700 142 3 1 146 0
2701 125 19 0 144 0
2702 125 9 13 147 0
2703 120 19 0 139 0
2704 110 8 19 137 0
2705 125 20 1 146 0
2706 127 8 11 146 0
2707 128 12 6 146 0
2708 137 4 0 141 0
2709 145 2 0 147 0
2710 105 18 18 141 0
2711 109 15 17 141 0
2712 141 5 1 147 0
2713 140 8 0 148 0
2714 70 53 19 142 0
2715 136 13 0 149 0
2716 119 28 0 147 0
2717 222 29 43 294 1
2718 117 30 0 147 0
2725 118 26 2 146 0
2726 144 0 2 146 0
2727 133 7 6 146 0
2728 122 17 6 145 0
2734 370 75 6 451 1
2735 128 18 2 148 0
2739 126 12 10 148 0
2740 122 24 0 146 0
2741 143 2 2 147 0
2742 127 11 10 148 0
2743 118 6 19 143 0
2744 121 0 22 143 0
2745 123 8 14 145 0
2747 138 7 2 147 0
2748 291 1 4 296 1
2749 113 11 17 141 0
2750 148 0 1 149 0
2751 130 18 1 149 0
2752 117 28 2 147 0
2753 120 28 1 149 0
2754 122 14 10 146 0
2755 122 7 17 146 0
2757 147 0 1 148 0
2758 94 41 11 146 0
2759 86 47 11 144 0
2760 91 40 13 144 0
2761 135 8 1 144 0
2762 142 1 1 144 0
2765 64 55 19 138 0
2766 783 129 7 919 1
2767 90 42 0 132 0
2770 119 22 3 144 0
2771 120 6 15 141 0
2772 122 3 15 140 0
2773 119 9 14 142 0
2774 122 16 5 143 0
2775 126 10 10 146 0
2776 124 1 21 146 0
2777 124 6 17 147 0
2778 126 10 11 147 0
2779 122 7 16 145 0
2780 83 23 25 131 0
2781 123 20 2 145 0
2782 120 17 0 137 0
2783 106 21 10 137 0
2784 122 15 0 137 0
2786 126 12 0 138 0
2787 145 0 1 146 0
2788 145 0 2 147 0
2789 119 24 2 145 0
2790 119 14 10 143 0
2791 133 2 2 137 0
2792 88 39 13 140 0
2793 346 45 63 454 1
2794 109 29 0 138 0
2796 76 12 0 88 0
2797 122 17 0 139 0
2798 446 147 18 611 1
2799 134 11 1 146 0
2800 118 9 17 144 0
2801 747 161 7 915 1
2802 136 9 1 146 0
2803 96 39 7 142 0
2804 298 6 0 304 1
2806 245 50 7 302 1
2807 139 13 0 152 0
2809 142 6 3 151 0
2810 96 13 2 111 0
2811 93 6 10 109 0
2812 493 92 4 589 1
2813 140 5 2 147 0
2814 122 14 18 154 0
2815 128 18 8 154 0
2816 137 10 6 153 0
2817 150 5 0 155 0
2818 102 30 20 152 0
2819 141 12 2 155 0
2820 126 24 0 150 0
2821 149 4 2 155 0
2822 642 114 1 757 1
2823 127 9 6 142 0
2824 119 12 14 145 0
2826 396 49 9 454 1
2827 121 24 3 148 0
2828 116 29 4 149 0
2829 104 41 3 148 0
2832 765 3 3 771 1
2833 120 29 3 152 0
2837 113 15 13 141 0
2838 93 41 15 149 0
2839 112 22 16 150 0
2840 101 48 1 150 0
2841 128 8 0 136 0
2842 146 3 1 150 0
2843 145 7 1 153 0
2844 120 10 17 147 0
2845 71 59 19 149 0
2846 107 16 13 136 0
2847 131 16 0 147 0
2848 138 11 0 149 0
2849 99 53 0 152 0
2850 128 22 2 152 0
2851 129 20 3 152 0
2852 131 18 3 152 0
2853 107 41 3 151 0
2854 131 23 0 154 0
2855 130 25 0 155 0
2856 147 6 0 153 0
2857 132 23 0 155 0
2858 148 6 0 154 0
2859 148 6 0 154 0
2860 127 24 1 152 0
2863 134 19 1 154 0
2865 80 40 22 142 0
2866 100 42 2 144 0
2867 91 47 8 146 0
2868 55 45 30 130 0
2869 86 47 11 144 0
2870 121 27 2 150 0
2871 139 7 1 147 0
2872 123 23 1 147 0
2873 139 11 0 150 0
2874 131 8 10 149 0
2875 114 34 0 148 0
2876 126 10 12 148 0
2877 126 6 17 149 0
2878 147 1 1 149 0
2879 124 7 19 150 0
2880 107 40 0 147 0
2881 117 11 19 147 0
2882 130 22 0 152 0
2883 140 11 1 152 0
2884 71 64 11 146 0
2885 109 17 18 144 0
2886 128 20 0 148 0
2887 133 18 2 153 0
2888 135 5 13 153 0
2889 131 7 15 153 0
2890 135 14 3 152 0
2891 96 11 0 107 0
2892 92 14 0 106 0
2893 100 12 0 112 0
2894 253 50 1 304 1
2896 95 37 2 134 0
2900 126 19 1 146 0
2902 113 31 2 146 0
2903 121 8 19 148 0
2904 122 9 16 147 0
2911 116 33 2 151 0
2914 150 0 1 151 0
2915 99 30 19 148 0
2918 139 7 2 148 0
2920 96 28 19 143 0
2921 134 19 1 154 0
2922 152 1 0 153 0
2923 128 7 19 154 0
2924 91 49 6 146 0
2925 152 0 1 153 0
2926 132 23 0 155 0
2927 149 6 0 155 0
2928 153 1 2 156 0
2929 141 13 1 155 0
2930 125 10 12 147 0
2931 132 2 12 146 0
2932 131 17 1 149 0
2933 125 4 15 144 0
2934 123 5 14 142 0
2935 121 7 14 142 0
2936 109 27 15 151 0
2937 135 11 2 148 0
2938 126 11 10 147 0
2939 136 0 10 146 0
2940 125 11 11 147 0
2941 139 0 8 147 0
2942 124 13 11 148 0
2943 121 15 11 147 0
2944 121 15 11 147 0
2945 121 15 11 147 0
2947 106 1 2 109 0
2949 104 33 0 137 0
2950 124 8 1 133 0
2951 86 55 5 146 0
2955 280 146 0 426 1
2957 94 46 3 143 0
2958 245 22 39 306 1
2959 422 17 6 445 1
2960 130 18 8 156 0
2961 126 13 16 155 0
2962 102 26 29 157 0
2963 145 10 2 157 0
2964 131 24 0 155 0
2965 136 15 5 156 0
2966 149 5 2 156 0
2967 79 33 28 140 0
2968 130 26 0 156 0
2969 133 25 0 158 0
2970 151 7 0 158 0
2971 135 23 0 158 0
2972 301 11 0 312 1
2974 90 34 24 148 0
2975 144 9 3 156 0
2976 707 39 10 756 1
2977 121 21 2 144 0
2978 125 18 3 146 0
2979 124 19 3 146 0
2980 121 19 4 144 0
2981 111 21 3 135 0
2982 116 22 0 138 0
2983 145 7 0 152 0
2985 255 43 6 304 1
2986 137 15 1 153 0
2987 108 40 3 151 0
2988 105 26 18 149 0
2991 122 26 3 151 0
2993 139 13 4 156 0
2995 99 42 11 152 0
2996 138 15 0 153 0
2997 116 26 0 142 0
2998 117 19 16 152 0
2999 129 21 0 150 0
3000 150 2 0 152 0
3001 137 17 1 155 0
3002 111 38 3 152 0
3003 153 1 1 155 0
3004 147 6 1 154 0
3005 138 7 0 145 0
3006 130 22 1 153 0
3007 114 36 3 153 0
3008 144 9 0 153 0
3010 136 5 12 153 0
3011 132 4 17 153 0
3012 154 0 1 155 0
3013 139 4 12 155 0
3014 108 34 2 144 0
3015 145 6 1 152 0
3016 145 5 1 151 0
3017 114 36 2 152 0
3018 131 21 1 153 0
3019 142 11 1 154 0
3020 120 32 2 154 0
3021 147 4 1 152 0
3022 143 7 2 152 0
3023 134 9 10 153 0
3026 146 5 2 153 0
3030 121 29 2 152 0
3031 145 6 2 153 0
3032 151 0 2 153 0
3033 126 17 10 153 0
3035 141 8 5 154 0
3036 88 56 0 144 0
3037 118 10 17 145 0
3038 123 23 1 147 0
3039 130 5 15 150 0
3040 134 14 3 151 0
3041 140 10 1 151 0
3042 138 11 1 150 0
3043 129 18 0 147 0
3044 118 9 19 146 0
3045 132 17 3 152 0
3046 140 13 0 153 0
3047 135 5 13 153 0
3048 101 50 0 151 0
3049 94 12 0 106 0
3050 96 12 0 108 0
3051 119 8 0 127 0
3053 117 33 1 151 0
3054 102 46 2 150 0
3055 95 56 2 153 0
3056 126 17 10 153 0
3057 252 22 35 309 1
3058 368 63 32 463 1
3060 129 15 10 154 0
3062 129 25 1 155 0
3063 147 8 1 156 0
3064 147 8 1 156 0
3066 110 41 0 151 0
3067 132 12 11 155 0
3068 303 3 1 307 1
3069 135 19 1 155 0
3070 151 2 0 153 0
3071 453 9 3 465 1
3072 155 1 0 156 0
3073 133 21 0 154 0
3074 111 39 0 150 0
3075 88 37 24 149 0
3076 62 42 32 136 0
3077 94 52 5 151 0
3078 104 32 19 155 0
3081 83 44 2 129 0
3082 242 8 44 294 1
3083 125 9 2 136 0
3084 117 19 2 138 0
3085 125 10 10 145 0
3086 142 1 2 145 0
3087 117 11 16 144 0
3088 146 2 1 149 0
3089 150 0 1 151 0
3090 152 0 1 153 0
3091 612 4 0 616 1
3092 152 1 0 153 0
3093 132 3 10 145 0
3094 124 10 11 145 0
3095 124 9 13 146 0
3096 135 1 10 146 0
3097 100 24 19 143 0
3098 122 10 13 145 0
3099 132 2 11 145 0
3100 123 9 14 146 0
3101 119 28 0 147 0
3103 153 0 2 155 0
3104 103 15 0 118 0
3105 131 24 0 155 0
3106 130 24 0 154 0
3107 149 6 0 155 0
3108 133 22 0 155 0
3111 123 8 1 132 0
3113 274 137 6 417 1
3116 129 22 3 154 0
3117 128 24 3 155 0
3118 126 17 11 154 0
3119 103 23 29 155 0
3120 145 10 1 156 0
3121 138 12 4 154 0
3122 149 4 2 155 0
3123 147 7 0 154 0
3126 143 8 2 153 0
3127 582 155 15 752 1
3128 112 20 18 150 0
3129 1075 21 0 1096 1
3131 151 4 0 155 0
3132 140 13 4 157 0
3133 135 18 1 154 0
3134 116 39 0 155 0
3135 146 8 1 155 0
3136 143 13 0 156 0
3137 119 32 2 153 0
3138 133 12 0 145 0
3139 128 24 2 154 0
3140 154 2 1 157 0
3141 149 6 1 156 0
3143 129 23 1 153 0
3144 139 4 12 155 0
3145 135 4 17 156 0
3146 146 9 1 156 0
3147 140 2 13 155 0
3148 156 0 1 157 0
3149 125 12 17 154 0
3150 138 14 1 153 0
3151 137 7 13 157 0
3152 140 14 3 157 0
3153 117 14 18 149 0
3154 133 21 0 154 0
3155 127 28 0 155 0
3156 135 15 5 155 0
3157 142 3 12 157 0
3158 135 20 0 155 0
3159 196 101 3 300 1
3160 233 19 0 252 1
3161 101 12 1 114 0
3162 144 10 1 155 0
3163 156 0 1 157 0
3165 131 22 2 155 0
3166 131 20 2 153 0
3167 133 18 3 154 0
3168 128 24 2 154 0
3169 153 1 0 154 0
3170 154 1 0 155 0
3171 150 3 2 155 0
3172 131 4 20 155 0
3173 125 27 2 154 0
3174 122 28 2 152 0
3175 125 27 2 154 0
3176 145 7 2 154 0
3177 151 1 2 154 0
3178 94 5 3 102 0
3179 94 5 3 102 0
3180 277 14 5 296 1
3182 901 17 0 918 1
3184 254 50 7 311 1
3186 69 47 29 145 0
3187 128 24 0 152 0
3188 131 23 1 155 0
3189 76 63 12 151 0
3192 129 15 9 153 0
3193 263 48 1 312 1
3194 154 1 0 155 0
3195 385 68 2 455 1
3196 124 2 24 150 0
3198 145 8 2 155 0
3199 94 31 22 147 0
3200 64 45 22 131 0
3203 259 17 33 309 1
3204 156 1 0 157 0
3205 93 53 5 151 0
3207 136 20 0 156 0
3208 407 41 15 463 1
3209 114 40 0 154 0
3210 133 22 0 155 0
3211 153 1 2 156 0
3212 111 36 2 149 0
3213 736 18 5 759 1
3214 735 17 5 757 1
3215 112 38 3 153 0
3216 130 23 1 154 0
3217 440 17 3 460 1
3218 728 22 10 760 1
3219 136 15 1 152 0
3220 140 11 1 152 0
3221 119 20 10 149 0
3222 152 0 2 154 0
3224 152 0 1 153 0
3225 94 48 2 144 0
3226 149 0 1 150 0
3227 151 1 1 153 0
3228 154 0 1 155 0
3229 152 0 1 153 0
3230 150 1 0 151 0
3232 153 1 0 154 0
3233 154 1 0 155 0
3234 154 1 0 155 0
3235 154 0 1 155 0
3236 124 22 3 149 0
3237 99 33 19 151 0
3238 82 43 23 148 0
3239 140 7 3 150 0
3240 145 0 1 146 0
3241 133 9 3 145 0
3242 133 10 3 146 0
3243 146 3 1 150 0
3244 143 0 1 144 0
3246 148 0 2 150 0
3247 136 0 2 138 0
3248 289 0 4 293 1
3250 140 0 1 141 0
3251 146 2 0 148 0
3254 123 13 18 154 0
3255 130 16 2 148 0
3256 118 29 0 147 0
3257 143 8 1 152 0
3259 130 23 0 153 0
3260 140 13 0 153 0
3261 147 6 0 153 0
3262 128 23 1 152 0
3263 148 5 0 153 0
3265 132 14 10 156 0
3270 135 20 1 156 0
3271 151 1 2 154 0
3272 153 1 3 157 0
3273 131 21 3 155 0
3274 123 29 2 154 0
3275 122 19 13 154 0
3276 136 14 4 154 0
3277 106 26 23 155 0
3278 144 9 2 155 0
3279 131 21 1 153 0
3280 137 14 3 154 0
3281 149 2 2 153 0
3282 213 61 36 310 1
3283 167 94 43 304 1
3284 434 19 5 458 1
3285 152 1 0 153 0
3286 887 6 1 894 1
3287 872 1 14 887 1
3288 587 42 105 734 1
3289 593 135 11 739 1
3290 583 143 10 736 1
3291 297 2 4 303 1
3292 885 6 12 903 1
3293 106 43 2 151 0
3296 592 4 8 604 1
3297 596 7 5 608 1
3300 128 16 8 152 0
3301 141 11 1 153 0
3303 136 13 4 153 0
3304 126 21 4 151 0
3305 145 7 2 154 0
3307 117 16 17 150 0
3310 151 4 0 155 0
3311 138 12 4 154 0
3312 152 2 0 154 0
3313 141 12 0 153 0
3314 130 10 0 140 0
3315 130 20 3 153 0
3316 110 38 1 149 0
3317 116 29 2 147 0
3318 144 7 1 152 0
3319 152 1 1 154 0
3320 141 9 1 151 0
3321 103 46 0 149 0
3322 128 10 1 139 0
3323 125 23 0 148 0
3324 141 13 0 154 0
3325 129 21 1 151 0
3326 135 3 12 150 0
3327 144 10 0 154 0
3328 133 4 17 154 0
3329 129 14 7 150 0
3330 151 2 1 154 0
3331 127 6 17 150 0
3332 136 13 1 150 0
3333 145 9 0 154 0
3334 135 5 13 153 0
3335 134 14 5 153 0
3336 96 53 0 149 0
3337 143 9 1 153 0
3338 136 14 3 153 0
3340 150 0 1 151 0
3341 138 11 0 149 0
3342 100 6 0 106 0
3344 127 24 1 152 0
3345 128 24 0 152 0
3346 128 22 1 151 0
3347 97 45 3 145 0
3348 129 17 10 156 0
3350 124 15 15 154 0
3354 129 1 24 154 0
3356 134 14 9 157 0
3357 61 44 25 130 0
3360 97 55 1 153 0
3361 117 31 2 150 0
3362 123 18 10 151 0
3364 129 22 3 154 0
3366 67 65 9 141 0
3367 124 22 8 154 0
3368 495 93 11 599 1
3369 122 21 2 145 0
3370 512 77 9 598 1
3371 429 7 7 443 1
3372 104 34 2 140 0
3373 118 13 14 145 0
3374 151 1 0 152 0
3375 90 50 2 142 0
3376 125 5 19 149 0
3377 128 21 1 150 0
3378 148 1 0 149 0
3379 148 1 2 151 0
3381 129 14 4 147 0
3382 134 8 2 144 0
3383 133 8 2 143 0
3384 129 1 2 132 0
3385 148 2 0 150 0
3386 281 9 4 294 1
3388 128 24 1 153 0
3389 139 16 0 155 0
3390 146 2 1 149 0
3391 124 12 17 153 0
3392 137 0 1 138 0
3393 138 6 2 146 0
3394 129 21 4 154 0
3395 118 22 11 151 0
3396 135 15 3 153 0
3397 140 11 4 155 0
3398 113 18 22 153 0
3399 145 10 0 155 0
3400 139 14 2 155 0
3401 106 26 17 149 0
3402 151 3 2 156 0
3403 126 23 1 150 0
3405 131 21 0 152 0
3411 375 70 7 452 1
3415 416 3 1 420 1
3423 146 1 2 149 0
3424 208 84 4 296 1
3431 127 21 2 150 0
3432 130 23 1 154 0
3435 123 16 15 154 0
3436 246 42 20 308 1
3438 125 17 10 152 0
3439 142 10 2 154 0
3440 137 14 2 153 0
3441 142 8 2 152 0
3443 147 3 0 150 0
3444 135 13 3 151 0
3445 126 22 2 150 0
3446 144 6 2 152 0
3448 130 21 0 151 0
3451 291 8 0 299 1
3452 136 10 4 150 0
3453 115 19 10 144 0
3454 126 15 0 141 0
3455 123 26 2 151 0
3456 91 60 0 151 0
3457 131 13 0 144 0
3458 128 25 1 154 0
3459 146 6 1 153 0
3460 152 1 0 153 0
3461 133 18 0 151 0
3462 153 0 1 154 0
3463 142 12 0 154 0
3464 130 19 0 149 0
3465 149 4 0 153 0
3466 119 30 1 150 0
3467 143 10 0 153 0
3468 133 4 17 154 0
3469 135 5 13 153 0
3470 152 1 1 154 0
3471 136 14 3 153 0
3472 153 1 0 154 0
3473 153 1 0 154 0
3474 127 7 17 151 0
3475 137 9 8 154 0
3476 137 6 11 154 0
3477 150 4 0 154 0
3478 136 14 4 154 0
3479 103 43 2 148 0
3480 148 5 0 153 0
3481 114 6 0 120 0
3482 101 9 0 110 0
3483 126 24 1 151 0
3484 61 48 26 135 0
3486 224 22 52 298 1
3487 83 60 2 145 0
3488 150 2 2 154 0
3489 150 2 0 152 0
3490 131 23 1 155 0
3491 146 8 2 156 0
3493 139 0 1 140 0
3494 144 5 0 149 0
3495 118 2 23 143 0
3496 82 47 2 131 0
3497 146 2 0 148 0
3498 147 0 1 148 0
3499 146 1 2 149 0
3500 75 40 20 135 0
3501 358 104 3 465 1
3503 113 24 11 148 0
3504 115 20 12 147 0
3505 111 31 3 145 0
3506 123 21 2 146 0
3507 132 15 2 149 0
3509 150 1 1 152 0
3510 116 26 9 151 0
3511 148 0 1 149 0
3512 147 1 0 148 0
3513 149 1 0 150 0
3514 141 3 0 144 0
3515 127 17 3 147 0
3516 116 27 2 145 0
3517 140 6 2 148 0
3520 149 1 0 150 0
3521 149 1 0 150 0
3523 118 27 4 149 0
3524 131 22 0 153 0
3525 99 50 0 149 0
3526 141 11 1 153 0
3527 143 9 1 153 0
3528 146 6 1 153 0
3529 138 12 3 153 0
3530 148 5 0 153 0
3531 142 10 0 152 0
3532 125 10 17 152 0
3533 126 12 14 152 0
3534 133 16 3 152 0
3535 132 9 12 153 0
3536 128 16 8 152 0
3537 123 22 6 151 0
3538 98 50 2 150 0
3550 583 9 8 600 1
3552 437 0 6 443 1
3558 295 6 3 304 1
3560 128 17 4 149 0
3561 99 6 0 105 0
3562 107 8 0 115 0
3563 121 29 2 152 0
3564 147 1 2 150 0
3565 98 33 19 150 0
3566 85 40 23 148 0
3568 121 22 8 151 0
3569 146 4 1 151 0
3571 359 111 3 473 1
3572 113 23 15 151 0
3574 140 6 2 148 0
3575 129 9 8 146 0
3577 150 4 0 154 0
3578 144 0 1 145 0
3579 115 19 11 145 0
3580 116 29 2 147 0
3581 99 19 28 146 0
3582 133 14 0 147 0
3583 125 19 2 146 0
3584 113 26 1 140 0
3585 271 0 5 276 1
3586 138 0 1 139 0
3588 134 23 0 157 0
3589 287 14 0 301 1
3590 141 0 1 142 0
3592 258 1 4 263 1
3593 110 36 2 148 0
3594 147 3 2 152 0
3597 155 1 0 156 0
3598 108 47 1 156 0
3599 152 3 2 157 0
3600 153 4 0 157 0
3601 129 26 0 155 0
3602 152 2 0 154 0
3603 118 23 18 159 0
3604 121 22 16 159 0
3605 159 1 1 161 0
3606 123 32 6 161 0
3607 130 23 8 161 0
3608 73 72 3 148 0
3609 96 7 0 103 0
3610 105 9 0 114 0
3620 96 52 5 153 0
3627 127 30 4 161 0
3628 118 17 20 155 0
3630 203 28 68 299 1
3631 214 36 58 308 1
3632 264 44 4 312 1
3633 542 75 8 625 1
3637 104 43 2 149 0
3638 142 5 2 149 0
3639 421 25 3 449 1
3640 143 16 0 159 0
3641 121 34 2 157 0
3642 93 30 31 154 0
3643 127 28 3 158 0
3644 93 37 27 157 0
3645 152 4 1 157 0
3646 118 39 1 158 0
3647 111 13 25 149 0
3648 220 57 44 321 1
3649 122 28 11 161 0
3650 157 5 1 163 0
3652 301 47 136 484 1
3653 131 17 1 149 0
3654 155 0 1 156 0
3655 134 13 4 151 0
3656 108 37 0 145 0
3657 135 5 2 142 0
3658 125 9 2 136 0
3660 98 9 29 136 0
3661 295 3 0 298 1
3662 129 4 1 134 0
3663 127 26 6 159 0
3670 58 71 3 132 0
3673 100 34 9 143 0
3674 254 65 7 326 1
3675 118 41 2 161 0
3676 159 4 1 164 0
3677 144 13 3 160 0
3679 164 2 0 166 0
3681 164 3 0 167 0
3682 168 1 0 169 0
3683 126 21 21 168 0
3684 121 27 19 167 0
3685 159 1 1 161 0
3686 166 2 0 168 0
3687 64 90 3 157 0
3688 95 11 1 107 0
3689 129 35 3 167 0
3690 122 43 1 166 0
3691 79 84 0 163 0
3692 72 70 3 145 0
3693 140 5 1 146 0
3694 115 40 3 158 0
3695 119 37 2 158 0
3696 152 3 2 157 0
3697 93 60 4 157 0
3698 146 10 3 159 0
3700 136 2 0 138 0
3709 83 55 5 143 0
3710 141 4 1 146 0
3711 143 3 1 147 0
3712 142 2 2 146 0
3713 143 3 1 147 0
3714 142 4 1 147 0
3715 143 4 2 149 0
3716 144 0 1 145 0
3717 230 92 3 325 1
3719 227 75 24 326 1
3720 121 45 1 167 0
3721 111 44 1 156 0
3722 106 47 2 155 0
3723 93 23 39 155 0
3724 121 39 0 160 0
3725 102 57 0 159 0
3728 141 20 0 161 0
3729 69 64 18 151 0
3730 104 33 8 145 0
3731 126 26 2 154 0
3732 86 38 16 140 0
3734 155 3 2 160 0
3735 150 5 3 158 0
3736 158 0 1 159 0
3737 104 12 0 116 0
3739 140 9 1 150 0
3740 106 25 0 131 0
3741 87 57 4 148 0
3742 104 1 1 106 0
3744 159 2 0 161 0
3747 152 5 2 159 0
3748 114 44 2 160 0
3751 159 0 2 161 0
3752 93 65 2 160 0
3753 152 6 1 159 0
3754 106 48 2 156 0
3755 85 68 1 154 0
3756 159 3 1 163 0
3757 112 3 42 157 0
3758 113 42 6 161 0
3759 138 19 2 159 0
3761 91 36 2 129 0
3762 155 1 2 158 0
3763 141 11 1 153 0
3764 65 83 2 150 0
3766 161 5 0 166 0
3767 146 22 0 168 0
3768 118 45 3 166 0
3769 768 48 15 831 1
3771 335 2 0 337 1
3772 114 45 6 165 0
3773 147 22 0 169 0
3774 170 1 0 171 0
3775 156 11 0 167 0
3776 167 3 1 171 0
3777 119 25 23 167 0
3778 55 63 45 163 0
3779 161 3 0 164 0
3780 94 7 0 101 0
3781 130 36 4 170 0
3782 122 45 1 168 0
3783 84 83 0 167 0
3784 109 57 0 166 0
3787 101 37 26 164 0
3788 119 49 1 169 0
3789 223 44 69 336 1
3791 153 12 1 166 0
3792 74 62 19 155 0
3793 115 43 2 160 0
3794 146 105 47 298 1
3795 111 30 13 154 0
3796 106 40 3 149 0
3797 107 41 2 150 0
3798 147 2 2 151 0
3799 92 51 5 148 0
3800 116 16 32 164 0
3801 164 0 1 165 0
3802 143 13 3 159 0
3803 120 7 0 127 0
3804 99 46 2 147 0
3805 94 59 0 153 0
3806 85 36 2 123 0
3807 127 2 0 129 0
3808 127 7 1 135 0
3809 161 0 1 162 0
3810 160 2 0 162 0
3811 304 3 4 311 1
3812 311 2 0 313 1
3813 305 5 4 314 1
3814 208 98 4 310 1
3815 305 4 4 313 1
3816 153 152 4 309 1
3817 298 8 5 311 1
3818 287 22 4 313 1
3819 282 26 2 310 1
3820 162 3 0 165 0
3821 110 6 43 159 0
3822 117 47 0 164 0
3823 139 17 0 156 0
3824 140 8 0 148 0
3825 153 1 0 154 0
3826 103 40 2 145 0
3827 105 40 2 147 0
3828 142 3 2 147 0
3829 136 7 2 145 0
3830 156 6 1 163 0
3831 115 46 4 165 0
3832 162 5 0 167 0
3833 113 48 4 165 0
3835 164 3 0 167 0
3837 134 27 3 164 0
3838 147 18 0 165 0
3839 109 31 24 164 0
3840 101 23 40 164 0
3841 165 1 0 166 0
3842 159 8 0 167 0
3843 75 37 43 155 0
3844 167 1 0 168 0
3845 160 7 0 167 0
3846 167 1 0 168 0
3847 112 30 24 166 0
3848 155 10 0 165 0
3849 60 98 3 161 0
3850 127 35 3 165 0
3851 158 3 3 164 0
3852 268 19 3 290 1
3853 142 147 4 293 1
3854 146 2 4 152 0
3855 125 26 2 153 0
3857 131 22 2 155 0
3858 448 39 7 494 1
3859 116 32 19 167 0
3860 111 50 5 166 0
3861 95 14 56 165 0
3862 86 69 5 160 0
3864 153 11 1 165 0
3865 147 14 0 161 0
3866 99 49 12 160 0
3867 65 68 22 155 0
3869 112 46 3 161 0
3870 112 39 2 153 0
3873 84 1 0 85 0
3875 142 8 1 151 0
3876 116 38 3 157 0
3877 100 29 35 164 0
3878 126 1 0 127 0
3879 147 1 4 152 0
3882 64 65 2 131 0
3883 132 3 1 136 0
3884 145 1 1 147 0
3894 476 15 0 491 1
3895 200 7 100 307 1
3896 221 101 0 322 1
3897 146 3 4 153 0
3898 144 7 4 155 0
3899 144 7 4 155 0
3900 144 7 4 155 0
3901 144 7 4 155 0
3902 144 7 4 155 0
3903 144 7 4 155 0
3904 144 7 4 155 0
3905 144 7 4 155 0
3906 144 7 4 155 0
3907 144 7 4 155 0
3908 144 7 4 155 0
3909 144 7 4 155 0
3910 414 67 8 489 1
3911 132 25 3 160 0
3917 155 3 0 158 0
3920 124 24 0 148 0
3921 157 6 1 164 0
3922 104 53 6 163 0
3923 318 17 0 335 1
3924 110 45 4 159 0
3926 363 140 0 503 1
3927 121 46 0 167 0
3928 86 44 18 148 0
3929 140 19 0 159 0
3930 154 10 0 164 0
3931 149 15 0 164 0
3932 111 49 2 162 0
3933 150 14 0 164 0
3934 165 1 0 166 0
3935 158 7 0 165 0
3936 158 2 4 164 0
3937 106 20 36 162 0
3938 106 17 39 162 0
3939 160 2 0 162 0
3940 108 28 27 163 0
3941 56 100 2 158 0
3942 123 39 3 165 0
3943 95 52 2 149 0
3944 96 53 2 151 0
3945 142 7 2 151 0
3946 143 3 3 149 0
3947 104 2 2 108 0
3948 100 22 30 152 0
3949 126 28 2 156 0
3950 223 70 35 328 1
3952 91 21 57 169 0
3953 268 229 9 506 1
3954 155 15 0 170 0
3955 78 58 27 163 0
3956 116 43 2 161 0
3957 111 53 3 167 0
3958 144 20 1 165 0
3959 94 54 15 163 0
3960 66 78 22 166 0
3961 101 47 14 162 0
3962 157 5 3 165 0
3963 141 8 2 151 0
3964 280 42 6 328 1
3965 117 1 0 118 0
3966 56 76 4 136 0
3967 219 91 4 314 1
3968 219 93 4 316 1
3969 157 3 2 162 0
3970 152 4 2 158 0
3971 297 21 2 320 1
3972 84 71 2 157 0
3973 159 2 3 164 0
3974 103 15 34 152 0
3975 138 4 1 143 0
3976 209 42 82 333 1
3980 253 83 1 337 1
3981 167 2 0 169 0
3982 129 38 3 170 0
3983 163 5 2 170 0
3984 137 27 4 168 0
3985 159 11 0 170 0
3986 154 15 0 169 0
3987 107 24 37 168 0
3988 170 1 0 171 0
3989 115 32 22 169 0
3990 110 20 39 169 0
3991 165 7 0 172 0
3992 164 2 1 167 0
3993 160 11 0 171 0
3994 155 10 0 165 0
3995 114 26 31 171 0
3996 170 3 0 173 0
3997 130 32 3 165 0
3998 131 37 3 171 0
3999 162 8 0 170 0
4000 158 4 0 162 0
4004 114 16 42 172 0
4005 57 59 45 161 0
4006 103 59 2 164 0
4007 78 54 30 162 0
4008 94 55 19 168 0
4009 113 48 2 163 0
4010 100 50 16 166 0
4011 62 84 25 171 0
4012 136 28 1 165 0
4013 319 3 2 324 1
4014 317 1 4 322 1
4015 326 2 0 328 1
4016 317 5 4 326 1
4017 310 9 4 323 1
4018 317 4 5 326 1
4019 162 148 4 314 1
4020 312 6 4 322 1
4021 152 6 2 160 0
4022 149 8 2 159 0
4023 306 16 2 324 1
4030 311 12 6 329 1
4031 270 35 5 310 1
4032 111 41 4 156 0
4033 149 2 0 151 0
4034 141 11 0 152 0
4035 102 12 1 115 0
4036 130 2 2 134 0
4037 103 27 3 133 0
4038 127 1 2 130 0
4040 151 5 1 157 0
4041 157 1 0 158 0
4042 126 1 0 127 0
4043 89 21 0 110 0
4044 137 5 1 143 0
4049 142 18 0 160 0
4050 98 13 45 156 0
4051 160 6 0 166 0
4052 147 15 0 162 0
4053 159 6 0 165 0
4054 156 10 0 166 0
4055 110 17 39 166 0
4056 161 8 0 169 0
4057 131 34 3 168 0
4058 116 24 26 166 0
4059 164 2 1 167 0
4060 155 11 0 166 0
4061 109 27 30 166 0
4062 111 12 41 164 0
4063 147 14 2 163 0
4064 124 40 3 167 0
4067 159 3 2 164 0
4068 156 2 2 160 0
4070 93 63 2 158 0
4079 151 6 2 159 0
4080 151 7 2 160 0
4083 156 6 3 165 0
4084 119 49 0 168 0
4087 115 38 18 171 0
4088 162 6 2 170 0
4089 97 12 58 167 0
4090 92 25 46 163 0
4092 158 14 0 172 0
4093 116 50 2 168 0
4094 115 57 0 172 0
4095 129 32 12 173 0
4096 105 56 3 164 0
4097 93 59 15 167 0
4098 99 59 4 162 0
4099 73 57 32 162 0
4100 65 76 28 169 0
4101 81 62 19 162 0
4102 136 26 1 163 0
4103 96 13 38 147 0
4104 109 50 1 160 0
4106 109 0 2 111 0
4107 125 10 4 139 0
4108 997 36 16 1049 1
4109 79 66 2 147 0
4110 113 8 1 122 0
4111 135 6 1 142 0
4112 129 1 0 130 0
4113 559 25 5 589 1
4114 588 338 20 946 1
4115 426 192 12 630 1
4116 432 190 12 634 1
4117 156 2 2 160 0
4118 153 3 2 158 0
4119 157 2 1 160 0
4120 773 9 14 796 1
4121 631 4 0 635 1
4122 311 3 4 318 1
4123 616 6 9 631 1
4124 618 6 9 633 1
4125 344 253 10 607 1
4126 155 2 2 159 0
4127 150 2 3 155 0
4128 151 4 2 157 0
4129 915 38 7 960 1
4130 769 30 0 799 1
4131 926 26 13 965 1
4132 112 50 0 162 0
4133 144 18 2 164 0
4134 924 15 16 955 1
4135 152 6 0 158 0
4136 98 23 45 166 0
4137 669 326 0 995 1
4138 805 16 0 821 1
4139 169 1 0 170 0
4140 108 17 45 170 0
4141 118 33 9 160 0
4142 63 47 44 154 0
4143 170 4 0 174 0
4144 168 5 0 173 0
4145 148 21 0 169 0
4146 163 3 1 167 0
4147 154 10 3 167 0
4148 108 16 46 170 0
4149 157 10 0 167 0
4150 159 12 0 171 0
4151 123 25 25 173 0
4152 110 18 41 169 0
4153 115 37 18 170 0
4154 165 9 0 174 0
4155 111 22 39 172 0
4156 307 20 5 332 1
4157 143 2 0 145 0
4158 115 35 18 168 0
4159 318 7 4 329 1
4160 219 18 93 330 1
4161 199 131 3 333 1
4162 125 42 1 168 0
4163 102 56 3 161 0
4164 63 56 40 159 0
4165 141 21 0 162 0
4166 122 33 3 158 0
4167 739 29 15 783 1
4168 120 1 2 123 0
4170 122 6 1 129 0
4171 97 1 0 98 0
4176 455 7 9 471 1
4177 149 2 3 154 0
4178 120 41 3 164 0
4179 377 78 186 641 1
4182 80 68 4 152 0
4183 139 20 1 160 0
4184 153 12 0 165 0
4185 94 65 0 159 0
4186 111 39 13 163 0
4187 97 15 48 160 0
4188 104 14 43 161 0
4189 157 4 3 164 0
4190 159 1 1 161 0
4191 150 12 0 162 0
4192 104 17 41 162 0
4193 114 22 28 164 0
4194 159 4 0 163 0
4195 119 2 0 121 0
4196 104 17 42 163 0
4199 155 2 0 157 0
4200 158 6 0 164 0
4201 462 7 4 473 1
4208 454 5 8 467 1
4209 446 6 11 463 1
4210 150 3 2 155 0
4214 101 52 0 153 0
4215 550 72 9 631 1
4217 149 2 0 151 0
4218 124 2 0 126 0
4219 229 70 35 334 1
4221 106 58 0 164 0
4222 99 64 2 165 0
4223 91 10 59 160 0
4226 153 11 0 164 0
4227 119 38 10 167 0
4228 61 51 47 159 0
4229 100 53 3 156 0
4230 91 54 10 155 0
4231 89 39 30 158 0
4232 108 45 4 157 0
4233 123 34 2 159 0
4234 155 0 1 156 0
4235 107 46 3 156 0
4237 110 0 2 112 0
4238 136 10 2 148 0
4239 143 4 2 149 0
4240 103 44 0 147 0
4245 97 65 0 162 0
4246 88 66 5 159 0
4247 154 8 3 165 0
4248 163 3 1 167 0
4249 159 5 4 168 0
4250 163 5 0 168 0
4251 165 4 0 169 0
4252 110 14 45 169 0
4253 163 1 1 165 0
4254 155 12 1 168 0
4255 109 20 39 168 0
4256 149 16 0 165 0
4257 143 22 0 165 0
4258 119 22 28 169 0
4259 109 16 43 168 0
4260 964 46 23 1033 1
4261 161 6 0 167 0
4262 119 1 0 120 0
4268 149 3 2 154 0
4269 146 26 1 173 0
4271 331 6 5 342 1
4272 165 8 0 173 0
4273 157 16 0 173 0
4274 106 67 1 174 0
4275 424 64 215 703 1
4276 228 24 92 344 1
4277 218 13 105 336 1
4278 231 8 100 339 1
4279 67 46 54 167 0
4280 202 123 5 330 1
4281 85 49 32 166 0
4282 102 63 2 167 0
4286 157 2 2 161 0
4292 150 1 3 154 0
4296 686 313 0 999 1
4298 125 30 2 157 0
4300 151 2 0 153 0
4301 147 0 1 148 0
4302 140 0 3 143 0
4303 115 0 3 118 0
4305 93 1 0 94 0
4307 121 4 1 126 0
4308 110 41 3 154 0
4312 82 62 5 149 0
4313 98 58 0 156 0
4314 98 14 45 157 0
4315 154 5 0 159 0
4316 148 4 4 156 0
4317 151 1 1 153 0
4318 138 19 0 157 0
4319 139 19 3 161 0
4320 156 3 1 160 0
4321 135 23 0 158 0
4322 103 17 41 161 0
4323 110 22 29 161 0
4324 104 11 46 161 0
4331 131 20 6 157 0
4332 134 2 1 137 0
4336 151 1 3 155 0
4342 145 2 4 151 0
4349 150 2 1 153 0
4351 113 5 47 165 0
4353 123 44 4 171 0
4356 99 59 10 168 0
4357 169 2 2 173 0
4358 162 8 0 170 0
4359 102 69 0 171 0
4361 72 46 49 167 0
4362 90 69 3 162 0
4364 79 48 37 164 0
4365 100 46 1 147 0
4367 123 2 2 127 0
4368 121 0 2 123 0
4369 123 4 0 127 0
4370 77 20 20 117 0
4371 134 2 2 138 0
4372 133 2 2 137 0
4373 139 2 1 142 0
4375 128 3 1 132 0
4379 120 42 3 165 0
4380 125 36 6 167 0
4381 164 3 0 167 0
4382 105 44 12 161 0
4383 1037 23 6 1066 1
4384 160 4 1 165 0
4386 104 60 3 167 0
4387 160 5 3 168 0
4388 143 23 0 166 0
4389 143 23 0 166 0
4390 337 2 2 341 1
4391 320 27 4 351 1
4392 107 21 41 169 0
4393 107 17 46 170 0
4394 117 24 30 171 0
4395 110 12 45 167 0
4397 337 9 2 348 1
4398 109 56 4 169 0
4399 108 56 4 168 0
4400 159 0 5 164 0
4401 160 3 4 167 0
4402 309 13 13 335 1
4404 325 13 2 340 1
4406 164 1 0 165 0
4407 155 4 5 164 0
4408 484 15 16 515 1
4409 155 4 5 164 0
4410 86 66 6 158 0
4411 155 3 6 164 0
4412 154 3 6 163 0
4413 298 25 12 335 1
4420 132 2 1 135 0
4421 92 65 0 157 0
4422 136 29 7 172 0
4423 108 60 5 173 0
4424 175 0 2 177 0
4425 173 2 3 178 0
4426 124 34 21 179 0
4427 341 3 9 353 1
4428 128 42 4 174 0
4429 376 13 156 545 1
4430 116 7 55 178 0
4431 130 49 0 179 0
4432 116 14 53 183 0
4434 635 1 268 904 1
4435 133 47 4 184 0
4436 176 7 1 184 0
4437 109 71 3 183 0
4438 150 30 0 180 0
4439 80 33 62 175 0
4440 97 77 3 177 0
4441 92 81 2 175 0
4443 147 3 0 150 0
4444 135 0 2 137 0
4445 93 47 2 142 0
4446 131 0 2 133 0
4447 140 11 6 157 0
4448 115 28 20 163 0
4449 126 30 5 161 0
4450 156 2 1 159 0
4451 157 10 4 171 0
4452 125 37 1 163 0
4453 171 2 5 178 0
4455 81 91 2 174 0
4456 68 51 54 173 0
4457 73 56 40 169 0
4459 119 9 50 178 0
4460 111 55 10 176 0
4462 181 1 0 182 0
4463 176 2 1 179 0
4464 179 1 0 180 0
4465 169 8 0 177 0
4466 181 0 1 182 0
4467 120 18 42 180 0
4468 174 4 2 180 0
4469 173 5 3 181 0
4471 125 29 26 180 0
4472 109 61 3 173 0
4473 179 0 1 180 0
4474 106 65 5 176 0
4475 169 0 1 170 0
4476 170 2 0 172 0
4477 321 12 4 337 1
4482 164 4 6 174 0
4483 164 4 6 174 0
4484 87 78 7 172 0
4485 133 35 0 168 0
4487 162 8 5 175 0
4489 504 17 0 521 1
4491 168 3 5 176 0
4492 345 50 142 537 1
4493 168 8 3 179 0
4494 128 43 4 175 0
4495 153 23 0 176 0
4496 150 27 0 177 0
4497 229 41 88 358 1
4500 130 42 3 175 0
4501 243 95 21 359 1
4502 73 46 48 167 0
4505 113 57 3 173 0
4506 354 38 143 535 1
4507 1065 11 5 1081 1
4508 430 73 204 707 1
4510 133 38 6 177 0
4511 124 22 29 175 0
4514 160 5 6 171 0
4515 97 60 7 164 0
4516 159 6 6 171 0
4517 98 63 6 167 0
4518 129 0 1 130 0
4521 126 1 2 129 0
4522 84 37 34 155 0
4523 166 1 2 169 0
4524 125 30 10 165 0
4525 156 11 5 172 0
4526 166 6 2 174 0
4527 76 100 2 178 0
4528 69 63 47 179 0
4529 71 55 54 180 0
4530 118 13 55 186 0
4531 122 61 3 186 0
4532 182 0 3 185 0
4533 172 15 0 187 0
4535 142 43 0 185 0
4537 127 8 50 185 0
4538 125 6 55 186 0
4539 353 9 4 366 1
4541 128 4 52 184 0
4542 179 3 5 187 0
4543 129 13 46 188 0
4544 183 2 3 188 0
4545 117 62 5 184 0
4547 170 1 3 174 0
4548 50 100 0 150 0
4551 1222 16 14 1252 1
4552 1147 83 9 1239 1
4553 149 22 7 178 0
4554 155 15 8 178 0
4555 160 11 7 178 0
4556 170 154 19 343 1
4558 322 10 12 344 1
4559 1002 29 37 1068 1
4560 167 11 1 179 0
4562 180 2 2 184 0
4564 179 2 2 183 0
4565 132 24 29 185 0
4566 157 22 0 179 0
4567 151 24 6 181 0
4568 178 1 1 180 0
4569 161 15 2 178 0
4572 177 4 2 183 0
4573 165 16 3 184 0
4574 179 5 0 184 0
4578 119 60 4 183 0
4580 837 411 3 1251 1
4581 171 8 4 183 0
4582 479 24 21 524 1
4583 111 60 6 177 0
4584 155 15 7 177 0
4585 161 10 7 178 0
4586 208 123 16 347 1
4587 104 63 7 174 0
4588 141 2 1 144 0
4589 123 0 1 124 0
4590 913 7 18 938 1
4591 104 0 1 105 0
4592 121 2 50 173 0
4593 170 3 4 177 0
4594 130 0 1 131 0
4595 127 0 1 128 0
4596 95 25 10 130 0
4597 99 22 0 121 0
4598 120 47 1 168 0
4599 120 50 1 171 0
4600 121 51 1 173 0
4601 156 8 6 170 0
4602 102 67 3 172 0
4603 74 56 39 169 0
4604 88 60 21 169 0
4605 71 60 35 166 0
4606 75 43 50 168 0
4607 176 1 1 178 0
4608 110 61 6 177 0
4609 116 8 53 177 0
4610 173 1 0 174 0
4613 638 20 267 925 1
4614 101 20 53 174 0
4615 871 20 26 917 1
4616 172 4 3 179 0
4617 114 57 4 175 0
4618 710 0 4 714 1
4619 180 1 1 182 0
4620 132 46 3 181 0
4624 163 10 0 173 0
4625 674 32 12 718 1
4626 122 50 8 180 0
4628 355 4 2 361 1
4629 158 11 1 170 0
4630 335 14 6 355 1
4631 178 1 1 180 0
4632 177 0 1 178 0
4633 113 20 45 178 0
4634 87 26 56 169 0
4635 174 1 1 176 0
4636 378 80 83 541 1
4637 153 20 5 178 0
4638 158 17 0 175 0
4641 172 4 1 177 0
4642 161 11 1 173 0
4644 160 3 6 169 0
4646 1002 27 37 1066 1
4647 987 32 41 1060 1
4648 148 17 7 172 0
4653 167 2 3 172 0
4654 166 4 3 173 0
4655 133 36 3 172 0
4658 153 12 7 172 0
4659 156 9 6 171 0
4662 207 121 15 343 1
4663 141 4 1 146 0
4665 137 0 1 138 0
4666 150 1 3 154 0
4667 114 1 1 116 0
4669 687 324 39 1050 1
4670 157 10 7 174 0
4671 480 22 18 520 1
4673 101 62 7 170 0
4675 133 0 1 134 0
4676 153 25 1 179 0
4677 476 42 204 722 1
4678 158 21 0 179 0
4679 461 73 184 718 1
4680 141 37 3 181 0
4681 468 54 203 725 1
4682 488 53 0 541 1
4683 1053 10 6 1069 1
4685 178 1 1 180 0
4686 175 1 1 177 0
4688 123 52 1 176 0
4689 176 0 1 177 0
4690 175 3 0 178 0
4691 157 13 7 177 0
4694 745 297 34 1076 1
4695 354 1 2 357 1
4696 115 54 7 176 0
4702 179 0 1 180 0
4703 523 11 4 538 1
4704 672 25 21 718 1
4705 279 225 26 530 1
4706 173 4 0 177 0
4707 173 4 0 177 0
4708 339 11 12 362 1
4709 681 16 24 721 1
4710 159 6 0 165 0
4711 176 2 3 181 0
4712 1038 8 17 1063 1
4713 174 4 0 178 0
4714 70 91 0 161 0
4715 173 9 1 183 0
4719 158 14 8 180 0
4721 703 16 0 719 1
4723 73 54 50 177 0
4724 73 69 31 173 0
4725 99 56 21 176 0
4726 137 42 0 179 0
4728 135 0 52 187 0
4729 86 26 64 176 0
4730 111 18 54 183 0
4731 185 0 1 186 0
4732 122 58 4 184 0
4733 124 4 56 184 0
4734 118 55 7 180 0
4736 112 64 7 183 0
4738 254 13 103 370 1
4739 179 4 2 185 0
4740 121 60 4 185 0
4741 185 0 1 186 0
4742 157 3 1 161 0
4743 138 45 0 183 0
4744 170 0 6 176 0
4745 130 51 2 183 0
4746 659 27 29 715 1
4747 84 90 0 174 0
4748 145 1 3 149 0
4749 82 45 25 152 0
4750 100 52 1 153 0
4751 135 1 3 139 0
4752 141 1 2 144 0
4753 143 11 4 158 0
4762 179 0 1 180 0
4764 179 1 1 181 0
4765 109 15 55 179 0
4766 156 14 5 175 0
4767 130 47 3 180 0
4771 136 36 5 177 0
4772 174 5 1 180 0
4773 280 70 6 356 1
4774 179 2 1 182 0
4780 438 220 33 691 1
4781 328 165 25 518 1
4782 161 5 7 173 0
4784 161 5 8 174 0
4786 696 7 11 714 1
4793 606 274 0 880 1
4794 171 6 2 179 0
4798 131 53 2 186 0
4799 177 3 3 183 0
4800 396 0 162 558 1
4801 105 28 54 187 0
4802 126 6 54 186 0
4803 108 26 51 185 0
4804 186 1 1 188 0
4806 182 2 0 184 0
4807 72 78 33 183 0
4810 136 0 53 189 0
4811 120 10 55 185 0
4812 183 0 1 184 0
4813 102 58 22 182 0
4814 73 54 54 181 0
4815 126 7 48 181 0
4816 128 51 2 181 0
4818 147 30 0 177 0
4819 169 3 8 180 0
4820 83 47 22 152 0
4821 140 1 1 142 0
4822 142 0 1 143 0
4823 154 0 1 155 0
4824 146 3 2 151 0
4825 105 6 47 158 0
4826 150 5 0 155 0
4827 150 1 7 158 0
4828 38 101 7 146 0
4829 13 106 11 130 0
4830 86 55 2 143 0
4831 78 73 6 157 0
4834 63 0 1 64 0
4837 164 3 7 174 0
4838 324 9 16 349 1
4841 160 22 0 182 0
4842 181 0 1 182 0
4843 173 6 4 183 0
4844 174 4 0 178 0
4847 180 1 1 182 0
4849 159 18 1 178 0
4851 141 36 3 180 0
4853 158 18 0 176 0
4854 166 7 5 178 0
4855 141 34 4 179 0
4856 118 14 50 182 0
4865 175 1 1 177 0
4867 173 6 1 180 0
4873 155 4 1 160 0
4875 165 4 8 177 0
4879 173 2 6 181 0
4882 94 63 22 179 0
4883 251 12 109 372 1
4884 121 60 4 185 0
4885 184 0 1 185 0
4886 127 58 0 185 0
4888 182 2 4 188 0
4889 69 57 54 180 0
4890 106 34 46 186 0
4891 128 2 55 185 0
4893 251 9 105 365 1
4894 129 54 2 185 0
4895 121 58 7 186 0
4897 85 43 53 181 0
4899 329 9 15 353 1
4900 123 52 1 176 0
4901 133 19 1 153 0
4902 80 45 25 150 0
4903 109 35 13 157 0
4904 159 0 1 160 0
4979 936 13 12 961 1
4980 114 44 18 176 0
4984 329 8 14 351 1
4985 329 9 13 351 1
4987 128 45 3 176 0
4988 1250 14 0 1264 1
4989 109 10 56 175 0
4992 174 6 0 180 0
4994 170 6 3 179 0
4995 171 8 2 181 0
4996 152 19 1 172 0
4998 166 6 3 175 0
5000 153 23 0 176 0
5001 124 21 31 176 0
5002 160 18 0 178 0
5003 169 5 5 179 0
5006 175 3 1 179 0
5008 120 3 1 124 0
5009 166 4 6 176 0
5011 92 74 9 175 0
5013 162 5 9 176 0
5019 497 21 3 521 1
5023 127 54 1 182 0
5026 133 30 23 186 0
5027 131 2 53 186 0
5028 126 5 52 183 0
5029 98 63 20 181 0
5030 74 59 49 182 0
5031 128 43 13 184 0
5035 80 42 61 183 0
5039 122 8 47 177 0
5040 124 50 0 174 0
5041 146 32 1 179 0
5042 124 51 3 178 0
5043 85 39 24 148 0
5044 98 31 7 136 0
5045 130 1 2 133 0
5046 122 41 0 163 0
5047 50 86 17 153 0
5051 167 2 8 177 0
5053 110 56 9 175 0
5056 123 2 1 126 0
5060 165 17 0 182 0
5061 144 36 3 183 0
5062 178 4 0 182 0
5063 178 5 0 183 0
5064 183 1 0 184 0
5065 157 22 3 182 0
5066 162 17 1 180 0
5067 183 1 1 185 0
5068 398 72 76 546 1
5069 513 19 18 550 1
5070 538 9 3 550 1
5072 148 30 4 182 0
5073 120 18 45 183 0
5074 174 6 3 183 0
5075 173 5 5 183 0
5076 737 72 292 1101 1
5077 179 2 1 182 0
5078 751 57 293 1101 1
5079 173 11 1 185 0
5080 169 2 6 177 0
5081 1011 21 39 1071 1
5082 94 72 9 175 0
5085 324 6 18 348 1
5091 168 0 3 171 0
5092 151 21 3 175 0
5093 1164 36 45 1245 1
5095 163 5 8 176 0
5096 119 7 47 173 0
5097 716 14 27 757 1
5098 127 5 52 184 0
5099 128 53 3 184 0
5100 109 35 41 185 0
5101 122 62 1 185 0
5102 269 0 108 377 1
5103 131 0 53 184 0
5104 133 28 24 185 0
5105 127 4 54 185 0
5106 126 5 54 185 0
5107 79 40 67 186 0
5108 106 57 20 183 0
5109 123 55 1 179 0
5110 78 59 45 182 0
5111 123 0 1 124 0
5112 180 2 0 182 0
5113 154 0 4 158 0
5114 57 74 13 144 0
5115 117 1 3 121 0
5116 123 6 4 133 0
5117 106 40 9 155 0
5118 122 59 3 184 0
5119 115 53 8 176 0
5120 134 32 24 190 0
5121 138 46 6 190 0
5123 130 6 53 189 0
5124 114 54 9 177 0
5125 135 1 54 190 0
5126 136 2 53 191 0
5127 154 29 6 189 0
5128 265 4 108 377 1
5129 256 12 107 375 1
5130 491 17 22 530 1
5132 167 4 7 178 0
5133 123 51 16 190 0
5134 89 64 30 183 0
5135 133 43 11 187 0
5136 326 11 14 351 1
5137 122 53 2 177 0
5139 165 6 8 179 0
5140 141 33 2 176 0
5141 114 15 17 146 0
5142 168 1 1 170 0
5143 124 46 4 174 0
5144 337 15 14 366 1
5145 83 39 21 143 0
5146 134 6 1 141 0
5147 1124 523 0 1647 1
5149 118 6 52 176 0
5150 492 56 0 548 1
5152 175 3 0 178 0
5154 156 23 0 179 0
5155 169 6 6 181 0
5156 158 21 2 181 0
5157 343 24 2 369 1
5160 161 18 0 179 0
5161 241 36 89 366 1
5168 165 2 7 174 0
5170 86 75 9 170 0
5171 164 2 7 173 0
5172 331 9 13 353 1
5174 1278 127 11 1416 1
5175 1049 25 0 1074 1
5176 703 8 8 719 1
5179 98 4 48 150 0
5180 137 17 12 166 0
5182 138 41 9 188 0
5183 106 56 7 169 0
5184 103 61 7 171 0
5186 163 5 6 174 0
5188 823 475 55 1353 1
5191 146 35 2 183 0
5194 175 5 6 186 0
5195 181 4 0 185 0
5196 155 27 4 186 0
5197 1035 405 36 1476 1
5198 179 4 0 183 0
5199 162 20 1 183 0
5200 183 1 1 185 0
5202 164 19 4 187 0
5203 166 21 1 188 0
5204 179 4 4 187 0
5205 147 31 4 182 0
5208 1460 18 8 1486 1
5212 125 4 1 130 0
5213 170 8 1 179 0
5215 172 1 6 179 0
5217 98 72 8 178 0
5218 340 10 12 362 1
5220 164 6 8 178 0
5224 506 215 0 721 1
5225 874 6 15 895 1
5226 526 4 9 539 1
5227 54 118 5 177 0
5228 129 54 3 186 0
5229 133 48 7 188 0
5231 128 7 54 189 0
5232 174 10 1 185 0
5233 404 3 162 569 1
5234 117 67 0 184 0
5236 154 28 4 186 0
5237 127 6 54 187 0
5239 111 34 41 186 0
5240 86 65 32 183 0
5241 135 36 12 183 0
5242 172 5 9 186 0
5243 141 11 31 183 0
5244 132 5 47 184 0
5245 129 49 3 181 0
5247 133 17 0 150 0
5248 139 12 0 151 0
5251 162 8 6 176 0
5252 165 6 6 177 0
5254 108 59 7 174 0
5255 110 56 7 173 0
5256 130 45 4 179 0
5260 152 29 0 181 0
5261 137 20 28 185 0
5262 120 9 53 182 0
5264 171 5 7 183 0
5266 539 95 96 730 1
5267 154 28 0 182 0
5268 177 4 0 181 0
5269 158 20 4 182 0
5270 169 14 1 184 0
5273 169 6 5 180 0
5274 181 3 1 185 0
5275 122 17 44 183 0
5276 115 2 1 118 0
5281 165 8 8 181 0
5282 167 9 6 182 0
5284 95 75 8 178 0
5285 173 8 1 182 0
5289 170 6 6 182 0
5291 127 47 13 187 0
5292 132 6 52 190 0
5294 135 1 54 190 0
5295 135 0 55 190 0
5296 158 28 4 190 0
5297 136 0 54 190 0
5299 128 8 55 191 0
5300 134 46 11 191 0
5301 135 51 4 190 0
5302 94 23 71 188 0
5303 169 129 71 369 1
5304 127 50 2 179 0
5305 144 34 1 179 0
5306 333 18 12 363 1
5307 169 4 6 179 0
5308 132 1 1 134 0
5309 100 58 11 169 0
5310 144 157 29 330 1
5311 138 1 3 142 0
5312 124 41 11 176 0
5313 188 3 2 193 0
5314 108 1 0 109 0
5315 94 56 7 157 0
5316 570 352 70 992 1
5317 905 59 45 1009 1
5318 148 8 6 162 0
5319 144 10 6 160 0
5321 174 1 2 177 0
5324 126 46 4 176 0
5325 495 54 0 549 1
5326 173 3 4 180 0
5327 169 5 7 181 0
5329 154 20 5 179 0
5330 166 11 4 181 0
5332 162 17 1 180 0
5334 121 17 44 182 0
5335 154 29 0 183 0
5336 170 14 1 185 0
5337 181 2 0 183 0
5339 150 27 4 181 0
5340 139 19 24 182 0
5341 170 10 1 181 0
5343 180 2 0 182 0
5344 176 4 0 180 0
5345 181 1 0 182 0
5347 318 38 10 366 1
5348 179 3 1 183 0
5351 163 10 1 174 0
5353 166 6 6 178 0
5355 88 79 9 176 0
5356 163 9 7 179 0
5357 159 12 7 178 0
5358 159 11 8 178 0
5363 246 116 4 366 1
5364 132 51 4 187 0
5365 134 42 10 186 0
5366 130 7 52 189 0
5367 1048 38 39 1125 1
5368 171 16 0 187 0
5369 366 4 2 372 1
5371 134 2 53 189 0
5372 129 6 53 188 0
5373 134 1 53 188 0
5374 156 26 5 187 0
5375 122 66 0 188 0
5376 117 34 37 188 0
5377 116 53 20 189 0
5378 127 48 13 188 0
5380 125 44 4 173 0
5381 133 7 30 170 0
5382 170 3 6 179 0
5383 131 3 46 180 0
5384 130 43 8 181 0
5385 129 7 44 180 0
5387 153 3 1 157 0
5388 120 35 15 170 0
5390 89 47 3 139 0
5391 136 41 6 183 0
5392 119 44 8 171 0
5393 103 38 11 152 0
5394 191 0 2 193 0
5395 99 10 0 109 0
5396 102 57 8 167 0
5399 155 7 7 169 0
5400 301 16 14 331 1
5402 128 45 3 176 0
5405 389 142 12 543 1
5406 176 3 0 179 0
5408 138 34 12 184 0
5409 279 32 56 367 1
5411 121 12 48 181 0
5412 179 5 1 185 0
5413 166 16 3 185 0
5414 174 4 0 178 0
5416 356 2 8 366 1
5417 714 127 77 918 1
5418 139 17 29 185 0
5419 391 46 109 546 1
5420 142 36 7 185 0
5421 248 32 87 367 1
5422 139 40 2 181 0
5425 133 28 23 184 0
5426 157 26 0 183 0
5429 181 3 1 185 0
5431 167 11 1 179 0
5433 335 10 12 357 1
5435 92 75 9 176 0
5436 478 32 19 529 1
5437 161 8 7 176 0
5438 158 10 8 176 0
5441 176 2 2 180 0
5444 141 42 1 184 0
5445 133 49 4 186 0
5446 133 44 11 188 0
5448 130 6 53 189 0
5449 130 5 53 188 0
5450 135 0 54 189 0
5451 134 0 54 188 0
5452 148 33 6 187 0
5453 133 0 54 187 0
5454 398 5 159 562 1
5455 127 41 14 182 0
5456 168 15 0 183 0
5458 119 48 19 186 0
5459 166 130 71 367 1
5460 131 49 2 182 0
5461 827 33 35 895 1
5462 146 36 0 182 0
5463 164 10 5 179 0
5464 140 4 4 148 0
5465 104 37 13 154 0
5466 143 4 1 148 0
5467 190 2 0 192 0
5468 84 5 0 89 0
5469 99 55 9 163 0
5472 152 7 7 166 0
5475 105 74 2 181 0
5476 135 49 2 186 0
5477 132 45 9 186 0
5478 259 10 104 373 1
5480 117 30 40 187 0
5481 130 19 34 183 0
5482 258 11 107 376 1
5483 145 39 3 187 0
5484 132 0 54 186 0
5486 125 55 2 182 0
5487 116 52 15 183 0
5489 70 77 25 172 0
5491 147 7 26 180 0
5492 133 7 44 184 0
5493 130 4 49 183 0
5494 648 50 26 724 1
5495 105 52 14 171 0
5497 157 2 2 161 0
5498 112 13 35 160 0
5499 157 9 2 168 0
5500 180 1 0 181 0
5502 724 7 4 735 1
5504 165 16 1 182 0
5506 183 1 1 185 0
5507 498 47 196 741 1
5509 156 28 0 184 0
5510 141 39 1 181 0
5512 136 12 34 182 0
5513 167 15 4 186 0
5514 312 56 0 368 1
5516 174 5 4 183 0
5517 136 19 25 180 0
5520 180 2 0 182 0
5523 174 6 0 180 0
5524 179 3 0 182 0
5525 160 14 6 180 0
5526 150 28 4 182 0
5528 127 9 50 186 0
5529 623 87 22 732 1
5530 182 3 1 186 0
5532 177 2 2 181 0
5533 125 55 0 180 0
5535 171 4 5 180 0
5536 166 9 1 176 0
5539 323 14 14 351 1
5540 90 73 11 174 0
5545 122 36 12 170 0
5546 80 61 13 154 0
5547 93 65 15 173 0
5548 136 0 3 139 0
5549 191 0 2 193 1
5550 299 23 17 339 1
5551 157 8 7 172 0
5553 295 180 35 510 1
5556 109 58 17 184 0
5558 70 76 26 172 0
5559 364 177 10 551 1
5560 183 2 1 186 0
5561 402 3 161 566 1
5562 184 0 2 186 0
5563 133 43 10 186 0
5564 133 49 2 184 0
5565 187 0 2 189 0
5566 140 38 10 188 0
5567 188 1 0 189 0
5569 175 13 0 188 0
5570 136 0 53 189 0
5572 134 0 52 186 0
5575 81 70 30 181 0
5577 183 1 2 186 0
5578 184 0 2 186 0
5580 182 0 2 184 0
5581 185 0 1 186 0
5582 180 0 2 182 0
5583 366 0 3 369 1
5584 131 4 48 183 0
5585 152 29 1 182 0
5586 130 48 2 180 0
5587 185 0 2 187 0
5588 127 35 9 171 0
5589 95 58 1 154 0
5590 108 47 5 160 0
5591 162 1 0 163 0
5592 114 14 30 158 0
5593 122 24 10 156 0
5594 118 17 44 179 0
5595 364 60 122 546 1
5596 137 16 31 184 0
5597 538 11 0 549 1
5599 407 50 96 553 1
5600 180 4 1 185 0
5601 365 38 150 553 1
5603 159 14 7 180 0
5604 142 36 2 180 0
5606 149 29 5 183 0
5607 156 24 4 184 0
5609 505 51 0 556 1
5610 132 46 3 181 0
5612 180 0 3 183 0
5615 173 11 1 185 0
5617 125 14 39 178 0
5620 128 3 1 132 0
5621 126 3 1 130 0
5622 92 4 0 96 0
5624 494 34 5 533 1
5625 475 34 20 529 1
5627 162 7 6 175 0
5628 155 12 7 174 0
5629 526 8 6 540 1
5630 374 161 6 541 1
5631 153 10 8 171 0
5632 527 8 6 541 1
5634 83 77 10 170 0
5635 172 2 3 177 1
5636 386 132 18 536 1
5637 93 65 8 166 0
5638 135 0 2 137 0
5639 85 42 2 129 0
5676 45 45 54 144 0
5684 97 0 7 104 0
5692 86 0 11 97 0
5695 121 42 3 166 0
5702 107 17 46 170 0
5740 104 63 7 174 0
5747 60 33 76 169 0
5783 127 5 50 182 0
5798 130 3 54 187 0
5801 67 32 79 178 0
5802 75 24 81 180 0
5804 79 48 26 153 0
5815 80 19 85 184 0
5817 73 55 53 181 0
5838 69 26 83 178 0
5841 70 57 53 180 0
5845 50 3 88 141 0
5847 29 50 64 143 0
5866 33 54 66 153 0
5884 108 36 41 185 0
5888 22 12 107 141 0
5916 35 42 100 177 0
5919 98 4 48 150 0
5938 139 12 0 151 0
6006 175 13 0 188 0
6013 1 81 29 111 0
6026 125 40 3 168 0
6027 57 32 65 154 0
6045 1 96 33 130 0
6048 109 11 44 164 0
6049 127 43 1 171 0
6059 146 15 3 164 0
6061 303 25 15 343 1
6067 185 2 1 188 0
6068 256 78 26 360 1
6071 151 25 4 180 0
6072 181 2 0 183 0
6073 119 14 46 179 0
6074 182 5 1 188 0
6077 179 5 0 184 0
6080 162 23 4 189 0
6082 288 76 2 366 1
6083 249 32 82 363 1
6084 175 5 5 185 0
6086 285 24 61 370 1
6087 360 4 0 364 1
6088 303 43 15 361 1
6090 171 12 1 184 0
6091 276 33 65 374 1
6093 365 8 2 375 1
6096 138 26 21 185 0
6097 353 7 4 364 1
6098 304 57 1 362 1
6101 124 3 0 127 0
6102 156 12 6 174 0
6103 326 19 11 356 1
6111 159 164 23 346 1
6112 309 26 17 352 1
6113 311 30 13 354 1
6117 256 6 2 264 1
6118 144 0 2 146 0
6119 139 6 0 145 0
6120 157 1 2 160 0
6121 154 35 0 189 0
6122 259 15 106 380 1
6123 135 1 53 189 0
6124 217 112 30 359 1
6125 129 138 38 305 1
6127 129 54 2 185 0
6129 121 32 35 188 0
6130 259 17 105 381 1
6131 125 60 0 185 0
6132 286 58 34 378 1
6133 165 137 60 362 1
6134 121 54 8 183 0
6135 360 8 4 372 1
6136 376 0 4 380 1
6138 94 33 59 186 0
6139 374 0 5 379 1
6140 152 12 5 169 0
6142 153 5 25 183 0
6143 259 4 97 360 1
6144 185 1 1 187 0
6146 363 0 2 365 1
6147 133 5 48 186 0
6148 182 2 3 187 0
6149 266 52 49 367 1
6150 183 0 2 185 0
6152 69 66 4 139 0
6153 142 12 0 154 0
6154 155 3 0 158 0
6155 130 153 50 333 1
6156 138 16 12 166 0
6157 255 84 20 359 1
6158 136 22 8 166 0
9001 15 9 24 48 0
9002 7 7 39 53 0
9003 43 3 7 53 0
9004 40 13 0 53 0
9005 44 1 7 52 0
9006 44 1 7 52 0
9007 15 28 11 54 0
9008 14 28 11 53 0
9009 17 26 11 54 0
9010 19 23 12 54 0
9011 17 25 12 54 0
9012 20 19 15 54 0
9013 31 16 7 54 0
9014 66 31 0 97 0
9015 80 16 11 107 0
9016 80 15 12 107 0
9017 79 17 12 108 0
9018 85 30 2 117 0
9019 64 6 5 75 0
9020 57 19 0 76 0
9021 59 12 5 76 0
9022 57 19 0 76 0
9023 64 12 0 76 0
9024 65 10 1 76 0
9025 50 15 7 72 0
9026 50 16 8 74 0
9027 51 15 8 74 0
9028 49 17 8 74 0
9029 48 18 8 74 0
9030 51 15 8 74 0
9031 51 15 8 74 0
9032 39 23 13 75 0
9033 49 17 8 74 0
9034 53 13 8 74 0
9035 53 13 8 74 0
9036 48 16 10 74 0
9037 17 12 45 74 0
9038 53 13 8 74 0
9039 66 8 0 74 0
9040 80 1 0 81 0
9041 70 11 0 81 0
9042 20 22 78 120 0
9043 32 22 66 120 0
9044 53 20 46 119 0
9045 36 24 57 117 0
9046 36 23 57 116 0
9047 44 23 47 114 0
9048 34 28 54 116 0
9049 36 26 54 116 0
9050 22 27 71 120 0
9051 57 20 43 120 0
9052 116 2 0 118 0
9053 99 20 0 119 0
9054 99 18 0 117 0
9055 62 27 27 116 0
9056 63 27 26 116 0
9057 178 2 3 183 0
9058 187 2 3 192 0
9060 134 45 2 181 0
9061 178 5 1 184 0
9062 176 2 0 178 0
9066 177 0 1 178 0
9067 157 23 0 180 0
9069 160 21 4 185 0
9071 133 52 2 187 0
9076 163 6 10 179 0
9079 120 4 48 172 0
9081 118 19 43 180 0
9082 179 3 0 182 0
9085 127 44 3 174 0
9086 134 44 2 180 0
9087 79 33 60 172 0
9088 134 1 52 187 0
9091 175 3 2 180 0
9092 131 45 6 182 0
9093 129 45 6 180 0
9094 163 12 6 181 0
9102 134 45 3 182 0
9112 136 0 55 191 0
9117 148 30 5 183 0
9120 187 2 1 190 0
9122 177 1 2 180 0
9123 176 0 2 178 0
9124 134 28 9 171 0
9129 135 13 37 185 0
9133 122 51 2 175 0
9138 137 2 0 139 0
9140 154 26 2 182 0
9144 148 4 2 154 0
