2096 357 42 59 458 1
2334 106 19 23 148 1
2359 88 32 22 142 1
2492 107 28 9 144 0
2504 124 10 16 150 0
2510 122 17 9 148 0
2525 100 28 16 144 1
2526 81 29 27 137 0
2563 96 31 20 147 0
2610 84 45 14 143 0
2641 110 18 22 150 0
2689 118 15 16 149 0
2758 94 41 11 146 0
2774 122 16 5 143 0
2790 119 14 10 143 0
2793 346 45 63 454 1
2832 152 0 1 153 1
2839 112 22 16 150 0
2855 130 25 0 155 0
2865 80 40 22 142 0
2868 55 45 30 130 0
2915 99 30 19 148 0
2924 91 49 6 146 0
2938 126 11 10 147 0
2957 94 46 3 143 0
2958 245 22 39 306 1
2967 79 33 28 140 0
2968 130 26 0 156 0
2996 138 15 0 153 0
3075 88 37 24 149 0
3078 104 32 19 155 0
3098 122 10 13 145 0
3099 132 2 11 145 0
3113 180 89 4 273 1
3118 126 17 11 154 0
3189 76 63 12 151 0
3199 94 31 22 147 0
3200 64 45 22 131 0
3225 94 48 2 144 0
3237 99 33 19 151 0
3243 146 3 1 150 0
3254 123 13 18 154 0
3282 109 31 18 158 1
3283 84 49 22 155 1
3347 97 45 3 145 0
3357 61 44 25 130 0
3372 104 34 2 140 0
3379 148 1 2 151 0
3391 124 12 17 153 0
3415 416 3 1 420 1
3431 127 21 2 150 0
3444 135 13 3 151 0
3445 126 22 2 150 0
3469 135 5 13 153 0
3478 136 14 4 154 0
3488 150 2 2 154 0
3496 82 47 2 131 0
3500 75 40 20 135 0
3517 140 6 2 148 0
3525 99 50 0 149 0
3565 98 33 19 150 0
3566 85 40 23 148 0
3575 129 9 8 146 0
3578 144 0 1 145 0
3586 138 0 1 139 0
3589 287 14 0 301 1
3594 147 3 2 152 0
3602 152 2 0 154 0
3637 104 43 2 149 0
3644 93 37 27 157 0
3647 111 13 25 149 0
3654 155 0 1 156 0
3655 134 13 4 151 0
3660 98 9 29 136 0
3663 127 26 6 159 0
3670 58 71 3 132 0
3676 159 4 1 164 0
3691 79 84 0 163 0
3692 72 70 3 145 0
3697 93 60 4 157 0
3700 136 2 0 138 0
3709 83 55 5 143 0
3725 102 57 0 159 0
3728 141 20 0 161 0
3729 69 64 18 151 0
3730 104 33 8 145 0
3731 126 26 2 154 0
3732 86 38 16 140 0
3736 158 0 1 159 0
3739 140 9 1 150 0
3741 87 57 4 148 0
3762 155 1 2 158 0
3764 65 83 2 150 0
3778 55 63 45 163 0
3784 109 57 0 166 0
3791 153 12 1 166 0
3792 74 62 19 155 0
3793 115 43 2 160 0
3794 146 105 47 298 1
3795 111 30 13 154 0
3799 92 51 5 148 0
3801 164 0 1 165 0
3804 99 46 2 147 0
3805 94 59 0 153 0
3823 139 17 0 156 0
3830 156 6 1 163 0
3843 75 37 43 155 0
3849 60 98 3 161 0
3854 146 2 4 152 0
3857 131 22 2 155 0
3858 448 39 7 494 1
3864 153 11 1 165 0
3865 147 14 0 161 0
3866 99 49 12 160 0
3867 65 68 22 155 0
3869 112 46 3 161 0
3875 142 8 1 151 0
3876 116 38 3 157 0
3879 147 1 4 152 0
3897 146 3 4 153 0
3898 144 7 4 155 0
3899 144 7 4 155 0
3900 144 7 4 155 0
3901 144 7 4 155 0
3902 144 7 4 155 0
3903 144 7 4 155 0
3904 144 7 4 155 0
3905 144 7 4 155 0
3906 144 7 4 155 0
3907 144 7 4 155 0
3908 144 7 4 155 0
3909 144 7 4 155 0
3941 56 100 2 158 0
3948 100 22 30 152 0
3949 126 28 2 156 0
3954 155 15 0 170 0
3955 78 58 27 163 0
3957 111 53 3 167 0
3958 144 20 1 165 0
3959 94 54 15 163 0
3960 66 78 22 166 0
3961 101 47 14 162 0
3962 157 5 3 165 0
3964 280 42 6 328 1
3966 56 76 4 136 0
3973 159 2 3 164 0
3989 115 32 22 169 0
3994 155 10 0 165 0
4006 103 59 2 164 0
4007 78 54 30 162 0
4010 100 50 16 166 0
4011 62 84 25 171 0
4012 136 28 1 165 0
4040 151 5 1 157 0
4052 147 15 0 162 0
4088 162 6 2 170 0
4092 158 14 0 172 0
4095 129 32 12 173 0
4097 93 59 15 167 0
4098 99 59 4 162 0
4099 73 57 32 162 0
4102 136 26 1 163 0
4104 109 50 1 160 0
4108 997 36 16 1049 1
4109 79 66 2 147 0
4110 113 8 1 122 0
4141 118 33 9 160 0
4153 115 37 18 170 0
4156 149 9 3 161 1
4162 125 42 1 168 0
4163 102 56 3 161 0
4164 63 56 40 159 0
4165 141 21 0 162 0
4166 122 33 3 158 0
4170 122 6 1 129 0
4182 80 68 4 152 0
4184 153 12 0 165 0
4186 111 39 13 163 0
4195 119 2 0 121 0
4217 149 2 0 151 0
4228 61 51 47 159 0
4229 100 53 3 156 0
4232 108 45 4 157 0
4233 123 34 2 159 0
4234 155 0 1 156 0
4246 88 66 5 159 0
4247 154 8 3 165 0
4252 110 14 45 169 0
4260 468 22 9 499 1
4269 146 26 1 173 0
4273 157 16 0 173 0
4276 228 24 92 344 1
4278 114 2 51 167 1
4279 67 46 54 167 0
4280 202 123 5 330 1
4312 82 62 5 149 0
4322 103 17 41 161 0
4331 131 20 6 157 0
4361 72 46 49 167 0
4362 90 69 3 162 0
4373 139 2 1 142 0
4391 156 13 2 171 1
4410 86 66 6 158 0
4422 136 29 7 172 0
4424 175 0 2 177 0
4425 173 2 3 178 0
4428 128 42 4 174 0
4429 247 9 103 359 1
4439 80 33 62 175 0
4440 97 77 3 177 0
4441 92 81 2 175 0
4455 81 91 2 174 0
4456 68 51 54 173 0
4457 73 56 40 169 0
4465 169 8 0 177 0
4473 179 0 1 180 0
4484 87 78 7 172 0
4485 133 35 0 168 0
4496 150 27 0 177 0
4502 73 46 48 167 0
4515 97 60 7 164 0
4517 98 63 6 167 0
4526 166 6 2 174 0
4529 71 55 54 180 0
4533 172 15 0 187 0
4556 170 154 19 343 1
4564 179 2 2 183 0
4586 208 123 16 347 1
4587 104 63 7 174 0
4590 913 7 18 938 1
4599 120 50 1 171 0
4600 121 51 1 173 0
4606 75 43 50 168 0
4610 173 1 0 174 0
4624 163 10 0 173 0
4634 87 26 56 169 0
4662 207 121 15 343 1
4673 101 62 7 170 0
4676 153 25 1 179 0
4689 176 0 1 177 0
4705 279 225 26 530 1
4723 73 54 50 177 0
4724 73 69 31 173 0
4725 99 56 21 176 0
4730 111 18 54 183 0
4745 130 51 2 183 0
4749 82 45 25 152 0
4780 438 220 33 691 1
4781 328 165 25 518 1
4807 72 78 33 183 0
4813 102 58 22 182 0
4814 73 54 54 181 0
4815 126 7 48 181 0
4818 147 30 0 177 0
4820 83 47 22 152 0
4822 142 0 1 143 0
4827 150 1 7 158 0
4882 94 63 22 179 0
4889 69 57 54 180 0
4890 106 34 46 186 0
4895 121 58 7 186 0
4897 85 43 53 181 0
4900 123 52 1 176 0
4902 80 45 25 150 0
4903 109 35 13 157 0
4979 936 13 12 961 1
4995 171 8 2 181 0
5006 175 3 1 179 0
5011 92 74 9 175 0
5029 98 63 20 181 0
5030 74 59 49 182 0
5031 128 43 13 184 0
5035 80 42 61 183 0
5041 146 32 1 179 0
5043 85 39 24 148 0
5053 110 56 9 175 0
5066 162 17 1 180 0
5070 179 3 1 183 1
5079 173 11 1 185 0
5082 94 72 9 175 0
5100 109 35 41 185 0
5101 122 62 1 185 0
5107 79 40 67 186 0
5108 106 57 20 183 0
5109 123 55 1 179 0
5110 78 59 45 182 0
5117 106 40 9 155 0
5118 122 59 3 184 0
5119 115 53 8 176 0
5124 114 54 9 177 0
5133 123 51 16 190 0
5134 89 64 30 183 0
5135 133 43 11 187 0
5157 169 11 1 181 1
5170 86 75 9 170 0
5182 138 41 9 188 0
5183 106 56 7 169 0
5184 103 61 7 171 0
5217 98 72 8 178 0
5240 86 65 32 183 0
5241 135 36 12 183 0
5243 141 11 31 183 0
5254 108 59 7 174 0
5255 110 56 7 173 0
5260 152 29 0 181 0
5267 154 28 0 182 0
5270 169 14 1 184 0
5284 95 75 8 178 0
5291 127 47 13 187 0
5302 94 23 71 188 0
5303 169 129 71 369 1
5305 144 34 1 179 0
5313 188 3 2 193 0
5315 94 56 7 157 0
5316 483 298 47 828 1
5317 155 8 8 171 1
5332 162 17 1 180 0
5336 170 14 1 185 0
5348 179 3 1 183 0
5355 88 79 9 176 0
5375 122 66 0 188 0
5377 116 53 20 189 0
5378 127 48 13 188 0
5381 133 7 30 170 0
5383 131 3 46 180 0
5394 191 0 2 193 0
5395 99 10 0 109 0
5396 102 57 8 167 0
5421 121 17 44 182 1
5426 157 26 0 183 0
5429 181 3 1 185 0
5435 92 75 9 176 0
5436 158 14 6 178 1
5456 168 15 0 183 0
5458 119 48 19 186 0
5459 166 130 71 367 1
5460 131 49 2 182 0
5462 146 36 0 182 0
5465 104 37 13 154 0
5469 99 55 9 163 0
5487 116 52 15 183 0
5489 70 77 25 172 0
5495 105 52 14 171 0
5514 157 27 0 184 1
5525 160 14 6 180 0
5528 127 9 50 186 0
5530 182 3 1 186 0
5540 90 73 11 174 0
5545 122 36 12 170 0
5549 191 0 2 193 1
5550 151 9 6 166 1
5551 157 8 7 172 0
5553 203 119 22 344 1
5556 109 58 17 184 0
5569 175 13 0 188 0
5575 81 70 30 181 0
5585 152 29 1 182 0
5588 127 35 9 171 0
5593 122 24 10 156 0
5603 159 14 7 180 0
5607 156 24 4 184 0
5615 173 11 1 185 0
5617 125 14 39 178 0
5624 163 13 2 178 1
5625 155 13 6 174 1
5634 83 77 10 170 0
6103 159 12 5 176 1
6111 78 84 10 172 1
6112 152 13 8 173 1
6121 154 35 0 189 0
6124 111 55 15 181 1
6133 84 67 30 181 1
6140 152 12 5 169 0
6152 69 66 4 139 0
6153 142 12 0 154 0
6155 65 70 27 162 1
6156 138 16 12 166 0
