51
51
51
49
43
41
47
48
46
43
42
42
48
48
47
49
54
54
54
53
49
51
51
52
52
52
52
52
52
52
52
46
53
54
53
50
53
53
53
53
53
53
54
55
57
57
57
53
56
56
55
49
57
56
56
57
54
54
52
52
52
52
52
52
53
53
53
56
56
51
52
51
52
56
55
54
49
49
51
51
51
51
50
51
54
55
55
55
55
53
50
50
52
52
53
52
52
52
51
47
54
53
54
54
58
58
58
58
58
58
58
57
51
47
53
55
55
56
56
56
56
56
56
58
57
57
58
57
54
55
56
56
56
56
50
50
51
51
56
56
49
49
49
58
52
58
57
56
56
56
56
55
56
56
59
59
59
59
58
58
58
58
58
58
58
58
58
58
59
55
58
59
55
57
57
57
57
55
58
58
58
58
58
58
58
58
58
58
58
58
58
58
56
57
57
47
46
47
47
46
45
46
45
45
46
47
47
47
52
51
51
52
51
52
52
52
52
52
52
45
56
59
59
59
59
59
59
59
59
59
59
59
57
59
60
60
60
60
60
60
60
60
60
60
60
60
59
60
60
60
59
59
56
59
59
60
60
60
60
60
60
60
60
57
55
55
55
55
56
57
58
54
54
56
58
57
56
54
56
55
58
58
57
60
53
55
60
57
58
59
58
59
59
115
57
56
56
57
55
59
58
58
55
55
58
59
54
54
58
59
58
60
59
59
58
58
60
60
60
59
60
60
60
60
56
58
59
59
59
59
58
58
60
59
60
60
60
60
59
59
55
56
57
57
59
58
58
58
58
58
58
59
59
59
60
60
60
60
60
60
60
59
59
59
59
59
59
60
59
59
59
60
60
59
58
59
59
57
56
60
60
60
59
60
120
60
60
60
60
50
51
57
57
54
57
59
57
57
59
60
60
60
59
60
60
60
56
56
56
56
56
58
59
58
60
60
59
59
59
59
59
59
59
58
58
59
59
56
56
56
56
57
57
57
61
63
64
63
64
64
79
159
76
79
78
79
79
323
79
79
79
79
79
79
79
79
79
78
78
74
78
76
74
77
78
78
76
73
73
78
78
76
77
78
75
75
77
78
80
81
81
81
81
81
80
81
80
80
81
78
79
80
81
81
81
79
79
79
79
79
81
81
80
80
77
77
74
79
79
78
78
81
81
81
81
81
78
79
78
78
78
78
79
79
80
81
77
160
78
157
77
77
79
81
81
81
78
81
81
81
81
79
80
82
82
82
82
80
81
81
79
77
76
80
72
82
82
82
82
82
82
82
80
79
81
80
80
76
80
82
82
79
73
80
82
74
80
80
80
80
80
81
81
81
81
81
81
81
81
81
81
81
81
78
93
95
95
95
98
98
98
98
98
98
97
97
98
98
97
92
91
96
98
96
98
94
97
95
96
96
97
97
98
98
98
90
92
91
92
92
93
93
95
96
96
96
98
97
97
94
93
94
93
93
94
83
89
92
96
97
96
97
197
98
95
99
99
99
99
99
99
99
99
99
99
99
97
93
89
95
95
94
82
84
92
94
94
92
92
91
87
95
97
97
95
94
96
96
96
93
93
92
92
88
89
97
96
86
88
101
101
99
99
97
93
99
101
101
101
101
101
101
103
103
102
101
100
100
100
190
102
102
103
104
323
93
94
94
95
93
88
90
95
96
97
95
100
98
98
99
203
95
95
95
96
95
98
98
101
100
101
102
102
93
100
100
100
100
102
103
103
103
103
103
98
99
101
103
103
96
96
101
106
106
98
102
102
102
102
102
102
102
101
104
108
97
86
106
88
97
97
103
94
101
102
104
104
105
106
106
105
88
89
100
100
101
99
105
105
106
107
107
107
105
107
94
107
102
102
107
106
98
104
97
101
101
82
84
316
107
107
101
94
105
107
112
112
109
111
111
110
116
729
98
113
108
107
107
99
98
107
106
107
108
107
105
104
107
106
104
105
106
112
111
111
106
91
108
107
107
107
109
108
104
103
110
106
119
119
119
119
97
108
121
121
108
107
87
105
113
111
102
102
103
93
92
107
105
107
100
101
117
117
112
116
116
116
115
116
117
118
111
115
114
114
113
113
113
114
115
115
340
344
116
115
110
112
117
109
110
120
121
120
119
110
109
110
107
110
111
111
93
95
101
102
95
114
114
101
103
104
113
114
115
114
118
119
117
119
116
118
120
116
111
114
373
124
124
101
103
122
117
112
113
113
108
116
114
110
318
108
110
110
110
114
115
115
232
118
119
115
114
114
115
116
116
111
111
119
119
120
119
119
118
122
118
121
121
122
120
118
103
114
114
114
117
117
213
102
234
113
93
117
117
111
114
109
225
214
99
99
100
102
118
104
114
112
109
114
116
230
112
115
117
119
120
118
119
117
120
112
112
107
109
109
85
112
121
114
92
110
96
108
116
116
116
97
119
120
119
115
115
111
113
114
114
115
114
115
117
115
117
366
114
106
103
105
108
234
106
482
103
113
92
114
106
120
115
350
114
115
116
114
115
116
115
116
120
121
127
127
120
118
118
120
128
129
129
128
128
128
128
89
111
121
114
98
97
116
114
115
114
114
116
114
114
112
118
119
119
114
114
112
112
115
110
114
114
113
115
113
114
112
116
118
119
125
94
112
123
124
125
123
121
122
123
122
122
121
107
113
111
113
108
88
88
91
96
109
115
115
116
112
111
116
117
114
111
111
111
117
114
244
120
119
121
120
116
120
122
114
118
118
120
124
251
122
124
252
120
113
120
120
117
120
121
122
121
119
118
120
122
123
124
123
106
114
117
118
123
128
114
115
110
118
116
113
126
120
123
124
122
125
124
125
110
131
126
125
128
123
125
122
120
124
126
122
124
124
117
115
119
126
123
126
126
119
122
124
125
122
124
123
123
107
128
128
126
126
126
126
128
119
118
122
120
122
120
115
254
127
120
249
122
123
124
125
125
125
113
126
112
124
124
98
130
127
131
129
116
127
126
128
128
126
126
128
125
125
127
119
114
113
113
128
130
127
129
114
122
124
99
121
124
109
122
128
122
125
124
126
126
120
117
125
122
125
125
121
121
125
126
128
128
123
121
124
125
125
127
128
128
129
130
123
120
120
120
123
113
115
128
129
128
128
383
263
131
130
130
128
131
115
120
125
127
128
128
110
121
119
118
115
130
119
122
116
115
117
73
112
121
124
123
124
127
129
127
126
121
125
129
129
129
129
128
128
128
129
130
134
258
132
124
130
132
134
75
131
134
134
134
133
135
135
135
131
129
134
130
128
129
125
128
113
127
130
133
133
113
134
136
136
131
134
126
124
124
125
128
132
130
528
131
119
120
121
122
132
127
129
130
129
121
131
125
116
134
134
133
134
138
127
128
259
129
140
140
131
132
393
131
128
128
670
130
130
128
126
124
124
128
128
112
112
114
132
124
128
122
122
121
120
129
132
141
141
139
119
129
132
129
133
134
131
121
122
255
407
127
274
133
129
132
129
125
108
126
128
132
130
131
128
131
133
132
134
135
139
139
140
141
140
141
140
140
123
136
128
133
131
132
409
125
134
134
136
136
136
133
133
133
115
115
128
128
130
122
123
137
557
136
270
132
136
128
131
132
136
134
137
135
138
273
130
130
131
133
133
134
126
136
138
126
138
125
123
125
127
127
126
131
115
127
126
126
132
131
131
129
131
130
130
130
130
119
139
139
140
141
140
141
141
141
142
272
141
141
137
137
140
140
138
140
139
125
130
132
840
137
132
136
281
134
132
130
137
137
280
139
120
123
265
126
270
413
138
138
139
138
420
277
140
132
134
136
138
137
137
137
134
139
136
283
141
141
578
125
127
127
117
135
134
135
131
135
133
135
136
135
134
135
135
135
138
137
135
129
142
141
128
143
143
143
139
140
141
127
129
128
125
129
129
128
130
130
128
128
140
141
140
141
142
139
139
140
140
142
139
143
138
140
140
132
135
138
138
133
135
136
135
131
138
138
141
286
136
137
140
139
139
142
139
141
132
133
132
132
140
143
134
136
137
136
412
139
139
130
139
141
138
113
140
137
1029
141
140
135
269
110
110
110
129
130
131
125
128
130
134
133
124
125
125
123
133
136
139
139
142
131
133
137
123
126
125
113
134
127
134
136
141
139
140
141
140
148
146
141
142
138
141
144
144
144
145
144
143
144
144
141
144
144
145
144
145
142
142
140
433
436
144
139
139
140
140
141
138
142
141
140
287
140
136
139
139
143
145
135
135
142
137
141
140
141
142
144
136
137
138
142
144
136
137
137
141
140
138
142
145
143
139
144
144
138
134
136
142
135
143
138
127
128
120
120
128
129
128
128
128
130
135
138
137
135
134
136
138
138
139
138
136
139
140
140
140
138
137
142
118
140
282
144
139
139
144
117
904
131
147
145
146
148
146
147
148
143
144
145
144
144
143
145
143
144
145
146
145
146
146
146
144
135
143
131
144
145
145
145
289
143
145
145
140
145
145
143
142
141
145
144
145
143
144
267
120
268
123
143
144
143
144
144
144
133
135
147
291
148
146
141
140
144
147
139
143
142
137
143
142
146
140
146
116
116
117
117
105
114
113
134
137
132
136
135
136
135
695
144
137
150
144
136
134
145
146
568
148
146
148
146
147
147
147
147
147
147
297
147
145
148
145
142
144
147
147
145
145
149
149
142
147
148
138
143
146
148
148
144
146
144
143
147
139
146
139
139
145
895
149
145
141
141
143
145
146
147
144
144
145
143
148
149
146
145
146
146
142
147
147
147
145
147
146
147
144
149
145
138
142
142
144
136
143
295
147
148
134
134
140
142
146
150
144
146
146
142
143
149
458
119
120
130
134
140
134
140
129
138
138
139
135
138
138
141
141
138
140
148
146
147
142
136
144
140
149
136
296
132
154
135
132
599
153
145
135
145
148
145
146
148
143
148
146
146
146
146
146
144
145
720
144
142
145
145
144
145
148
149
148
582
146
148
148
148
147
142
148
145
147
148
147
149
149
147
147
145
143
148
147
146
123
143
142
140
139
139
142
144
145
138
143
146
145
142
143
145
142
137
136
577
135
430
575
282
136
134
133
143
144
145
144
147
147
142
145
145
433
148
148
149
145
148
143
144
149
149
151
150
150
440
146
146
147
147
148
146
150
149
143
144
144
135
135
140
139
144
148
905
133
117
118
143
140
138
138
141
142
142
144
145
145
140
142
144
142
139
143
285
137
142
149
141
144
139
149
150
137
148
150
152
147
152
150
152
152
150
152
141
148
150
150
152
298
147
147
143
146
143
144
142
591
283
137
295
148
288
432
140
300
149
146
146
145
142
149
146
142
144
146
148
148
596
143
144
143
143
140
148
149
149
148
148
148
148
141
137
148
147
146
140
147
138
146
148
149
143
147
147
279
437
434
147
148
147
149
595
597
446
596
599
147
146
445
448
141
144
146
144
144
144
143
135
143
143
130
283
142
144
143
144
146
150
604
446
146
128
127
106
143
141
140
139
138
142
144
142
141
142
141
141
149
150
126
144
150
154
142
131
141
151
151
150
148
153
154
155
154
155
153
154
152
154
154
154
145
146
147
148
149
462
305
149
149
151
149
150
147
136
149
147
136
143
142
140
135
137
136
142
141
146
144
147
139
137
146
146
146
141
147
141
141
147
148
142
149
147
294
147
146
146
146
145
451
148
148
146
147
148
143
143
145
147
296
141
149
149
147
149
146
146
148
146
144
144
144
144
138
919
132
144
141
140
142
143
146
146
147
147
145
131
145
137
137
137
138
146
147
145
143
137
140
454
138
88
139
611
146
144
915
146
142
304
302
152
151
111
109
589
147
154
154
153
155
152
155
150
155
757
142
145
454
148
149
148
771
152
141
149
150
150
136
150
153
147
149
136
147
149
152
152
152
152
151
154
155
153
155
154
154
152
154
142
144
146
130
144
150
147
147
150
149
148
148
149
149
150
147
147
152
152
146
144
148
153
153
153
152
107
106
112
304
134
146
146
148
147
151
151
148
148
143
154
153
154
146
153
155
155
156
155
147
146
149
144
142
142
151
148
147
146
147
147
148
147
147
147
109
137
133
146
426
143
306
445
156
155
157
157
155
156
156
140
156
158
158
158
312
148
156
756
144
146
146
144
135
138
152
304
153
151
149
151
156
152
153
142
152
150
152
155
152
155
154
145
153
153
153
153
153
155
155
144
152
151
152
153
154
154
152
152
153
153
152
153
153
153
154
144
145
147
150
151
151
150
147
146
152
153
153
151
106
108
127
151
150
153
153
309
463
154
155
156
156
151
155
307
155
153
465
156
154
150
149
136
151
155
129
294
136
138
145
145
144
149
151
153
616
153
145
145
146
146
143
145
145
146
147
155
118
155
154
155
155
132
417
154
155
154
155
156
154
155
154
153
752
150
1096
155
157
154
155
155
156
153
145
154
157
156
153
155
156
156
155
157
154
153
157
157
149
154
155
155
157
155
300
252
114
155
157
155
153
154
154
154
155
155
155
154
152
154
154
154
102
102
296
918
311
145
152
155
151
153
312
155
455
150
155
147
131
309
157
151
156
463
154
155
156
149
759
757
153
154
460
760
152
152
149
154
153
144
150
153
155
153
151
154
155
155
155
149
151
148
150
146
145
146
150
144
150
138
293
141
148
154
148
147
152
153
153
153
152
153
156
156
154
157
155
154
154
154
155
155
153
154
153
310
304
458
153
894
887
734
739
736
303
903
151
604
608
152
153
153
151
154
150
155
154
154
153
140
153
149
147
152
154
151
149
139
148
154
151
150
154
154
150
154
150
150
154
153
153
149
153
153
151
149
106
152
152
151
145
156
154
154
157
130
153
150
151
154
141
154
599
145
598
443
140
145
152
142
149
150
149
151
147
144
143
132
150
294
153
155
149
153
138
146
154
151
153
155
153
155
155
149
156
150
152
452
420
149
296
150
154
154
308
152
154
153
152
150
151
150
152
151
299
150
144
141
151
151
144
154
153
153
151
154
154
149
153
150
153
154
153
154
153
154
154
151
154
154
154
154
148
153
120
110
151
135
298
145
154
152
155
156
140
149
143
131
148
148
149
135
465
148
147
145
146
149
152
151
149
148
150
144
147
145
148
150
150
149
153
149
153
153
153
153
153
152
152
152
152
153
152
151
150
600
443
304
149
105
115
152
150
150
148
151
151
473
151
148
146
154
145
145
147
146
147
146
140
276
139
157
301
142
263
148
152
156
156
157
157
155
154
159
159
161
161
161
148
103
114
153
161
155
299
308
312
625
149
149
449
159
157
154
158
157
157
158
149
321
161
163
484
149
156
151
145
142
136
136
298
134
159
132
143
326
161
164
160
166
167
169
168
167
161
168
157
107
167
166
163
145
146
158
158
157
157
159
138
143
146
147
146
147
147
149
145
325
326
167
156
155
155
160
159
161
151
145
154
140
160
158
159
116
150
131
148
106
161
159
160
161
160
159
156
154
163
157
161
159
129
158
153
150
166
168
166
831
337
165
169
171
167
171
167
163
164
101
170
168
167
166
164
169
336
166
155
160
298
154
149
150
151
148
164
165
159
127
147
153
123
129
135
162
162
311
313
314
310
313
309
311
313
310
165
159
164
156
148
154
145
147
147
145
163
165
167
165
167
164
165
164
164
166
167
155
168
167
168
166
165
161
165
164
290
293
152
153
155
494
167
166
165
160
165
161
160
155
161
153
85
151
157
164
127
152
131
136
147
491
307
322
153
155
155
155
155
155
155
155
155
155
155
155
155
489
160
158
148
164
163
335
159
503
167
148
159
164
164
162
164
166
165
164
162
162
162
163
158
165
149
151
151
149
108
152
156
328
169
506
170
163
161
167
165
163
166
162
165
151
328
118
136
314
316
162
158
320
157
164
152
143
333
337
169
170
170
168
170
169
168
171
169
169
172
167
171
165
171
173
165
171
170
162
172
161
164
162
168
163
166
171
165
324
322
328
326
323
326
314
322
160
159
324
329
310
156
151
152
115
134
133
130
157
158
127
110
143
160
156
166
162
165
166
166
169
168
166
167
166
166
164
163
167
164
160
158
159
160
165
168
171
170
167
163
172
168
172
173
164
167
162
162
169
162
163
147
160
111
139
1049
147
122
142
130
589
946
630
634
160
158
160
796
635
318
631
633
607
159
155
157
960
799
965
162
164
955
158
166
995
821
170
170
160
154
174
173
169
167
167
170
167
171
173
169
170
174
172
332
145
168
329
330
333
168
161
159
162
158
783
123
129
98
471
154
164
641
152
160
165
159
163
160
161
164
161
162
162
164
163
121
163
157
164
473
467
463
155
153
631
151
126
334
164
165
160
164
167
159
156
155
158
157
159
156
156
112
148
149
147
162
159
165
167
168
168
169
169
165
168
168
165
165
169
168
1033
167
120
154
173
342
173
173
174
703
344
336
339
167
330
166
167
161
154
999
157
153
148
143
118
94
126
154
149
156
157
159
156
153
157
161
160
158
161
161
161
157
137
155
151
153
165
171
168
173
170
171
167
162
164
147
127
123
127
117
138
137
142
132
165
167
167
161
1066
165
167
168
166
166
341
351
169
170
171
167
348
169
168
164
167
335
340
165
164
515
164
158
164
163
335
135
157
172
173
177
178
179
353
174
545
178
179
183
904
184
184
183
180
175
177
175
150
137
142
133
157
163
161
159
171
163
178
174
173
169
178
176
182
179
180
177
182
180
180
181
180
173
180
176
170
172
337
174
174
172
168
175
521
176
537
179
175
176
177
358
175
359
167
173
535
1081
707
177
175
171
164
171
167
130
129
155
169
165
172
174
178
179
180
186
186
185
187
185
185
186
366
184
187
188
188
184
174
150
1252
1239
178
178
178
343
344
1068
179
184
183
185
179
181
180
178
183
184
184
183
1251
183
524
177
177
178
347
174
144
124
938
105
173
177
131
128
130
121
168
171
173
170
172
169
169
166
168
178
177
177
174
925
174
917
179
175
714
182
181
173
718
180
361
170
355
180
178
178
169
176
541
178
175
177
173
169
1066
1060
172
172
173
172
172
171
343
146
138
154
116
1050
174
520
170
134
179
722
179
718
181
725
541
1069
180
177
176
177
178
177
1076
357
176
180
538
718
530
177
177
362
721
165
181
1063
178
161
183
180
719
177
173
176
179
187
176
183
186
184
184
180
183
370
185
185
186
161
183
176
183
715
174
149
152
153
139
144
158
180
181
179
175
180
177
180
356
182
691
518
173
174
714
880
179
186
183
558
187
186
185
188
184
183
189
185
184
182
181
181
181
177
180
152
142
143
155
151
158
155
158
146
130
143
157
64
174
349
182
182
183
178
182
178
180
176
178
179
182
177
180
160
177
181
179
372
185
185
185
188
180
186
185
365
185
186
181
353
176
153
150
157
160
961
176
351
351
176
1264
175
180
179
181
172
175
176
176
178
179
179
124
176
175
176
521
182
186
186
183
181
182
184
183
177
174
179
178
148
136
133
163
153
177
175
126
182
183
182
183
184
182
180
185
546
550
550
182
183
183
183
1101
182
1101
185
177
1071
175
348
171
175
1245
176
173
757
184
184
185
185
377
184
185
185
185
186
183
179
182
124
182
158
144
121
133
155
184
176
190
190
189
177
190
191
189
377
375
530
178
190
183
187
351
177
179
176
146
170
174
366
143
141
1647
176
548
178
179
181
181
369
179
366
174
170
173
353
1416
1074
719
150
166
188
169
171
174
1353
183
186
185
186
1476
183
183
185
187
188
187
182
1486
130
179
179
178
362
178
721
895
539
177
186
188
189
185
569
184
186
187
186
183
183
186
183
184
181
150
151
176
177
174
173
179
181
185
182
183
730
182
181
182
184
180
185
183
118
181
182
178
182
182
187
190
190
190
190
190
191
191
190
188
369
179
179
363
179
134
169
330
142
176
193
109
157
992
1009
162
160
177
176
549
180
181
179
181
180
182
183
185
183
181
182
181
182
180
182
366
183
174
178
176
179
178
178
366
187
186
189
1125
187
372
189
188
188
187
188
188
189
188
173
170
179
180
181
180
157
170
139
183
171
152
193
109
167
169
331
176
543
179
184
367
181
185
185
178
366
918
185
546
185
367
181
184
183
185
179
357
176
529
176
176
180
184
186
188
189
188
189
188
187
187
562
182
183
186
367
182
895
182
179
148
154
148
192
89
163
166
181
186
186
373
187
183
376
187
186
182
183
172
180
184
183
724
171
161
160
168
181
735
182
185
741
184
181
182
186
368
183
180
182
180
182
180
182
186
732
186
181
180
180
176
351
174
170
154
173
139
193
339
172
510
184
172
551
186
566
186
186
184
189
188
189
188
189
186
181
186
186
184
186
182
369
183
182
180
187
171
154
160
163
158
156
179
546
184
549
553
185
553
180
180
183
184
556
181
183
185
178
132
130
96
533
529
175
174
540
541
171
541
170
177
536
166
137
129
144
104
97
166
170
174
169
182
187
178
180
153
184
181
178
180
141
143
153
185
141
177
150
151
188
111
168
154
130
164
171
164
343
188
360
180
183
179
188
184
189
366
363
185
370
364
361
184
374
375
185
364
362
127
174
356
346
352
354
264
146
145
160
189
380
189
359
305
185
188
381
185
378
362
183
372
380
186
379
169
183
360
187
365
186
187
367
185
139
154
158
333
166
359
166
48
53
53
53
52
52
54
53
54
54
54
54
54
97
107
107
108
117
75
76
76
76
76
76
72
74
74
74
74
74
74
75
74
74
74
74
74
74
74
81
81
120
120
119
117
116
114
116
116
120
120
118
119
117
116
116
183
192
181
184
178
178
180
185
187
179
172
180
182
174
180
172
187
180
182
180
181
182
191
183
190
180
178
171
185
175
139
182
154
