458
148
142
144
150
148
144
137
147
143
150
149
146
143
143
454
153
150
155
142
130
148
146
147
143
306
140
156
153
149
155
145
145
273
154
151
147
131
144
151
150
154
158
155
145
130
140
151
153
420
150
151
150
153
154
154
131
135
148
149
150
148
146
145
139
301
152
154
149
157
149
156
151
136
159
132
164
163
145
157
138
143
159
161
151
145
154
140
159
150
148
158
150
163
166
166
155
160
298
154
148
165
147
153
156
163
155
161
152
155
494
165
161
160
155
161
151
157
152
153
155
155
155
155
155
155
155
155
155
155
155
155
158
152
156
170
163
167
165
163
166
162
165
328
136
164
169
165
164
162
166
171
165
157
162
170
172
173
167
162
162
163
160
1049
147
122
160
170
161
168
161
159
162
158
129
152
165
163
121
151
159
156
157
159
156
159
165
169
499
173
173
344
167
167
330
149
161
157
167
162
142
171
158
172
177
178
174
359
175
177
175
174
173
169
177
180
172
168
177
167
164
167
174
180
187
343
183
347
174
938
171
173
168
174
173
169
343
170
179
177
530
177
173
176
183
183
152
691
518
183
182
181
181
177
152
143
158
179
180
186
186
181
176
150
157
961
181
179
175
181
182
184
183
179
148
175
180
183
185
175
185
185
186
183
179
182
155
184
176
177
190
183
187
181
170
188
169
171
178
183
183
183
174
173
181
182
184
178
187
188
369
179
193
157
828
171
180
185
183
176
188
189
188
170
180
193
109
167
182
183
185
176
178
183
186
367
182
182
154
163
183
172
171
184
180
186
186
174
170
193
166
172
344
184
188
181
182
171
156
180
184
185
178
178
174
170
176
172
173
189
181
181
169
139
154
162
166
