2096
2334
2359
2492
2504
2510
2525
2526
2563
2610
2641
2689
2758
2774
2790
2793
2832
2839
2855
2865
2868
2915
2924
2938
2957
2958
2967
2968
2996
3075
3078
3098
3099
3113
3118
3189
3199
3200
3225
3237
3243
3254
3282
3283
3347
3357
3372
3379
3391
3415
3431
3444
3445
3469
3478
3488
3496
3500
3517
3525
3565
3566
3575
3578
3586
3589
3594
3602
3637
3644
3647
3654
3655
3660
3663
3670
3676
3691
3692
3697
3700
3709
3725
3728
3729
3730
3731
3732
3736
3739
3741
3762
3764
3778
3784
3791
3792
3793
3794
3795
3799
3801
3804
3805
3823
3830
3843
3849
3854
3857
3858
3864
3865
3866
3867
3869
3875
3876
3879
3897
3898
3899
3900
3901
3902
3903
3904
3905
3906
3907
3908
3909
3941
3948
3949
3954
3955
3957
3958
3959
3960
3961
3962
3964
3966
3973
3989
3994
4006
4007
4010
4011
4012
4040
4052
4088
4092
4095
4097
4098
4099
4102
4104
4108
4109
4110
4141
4153
4156
4162
4163
4164
4165
4166
4170
4182
4184
4186
4195
4217
4228
4229
4232
4233
4234
4246
4247
4252
4260
4269
4273
4276
4278
4279
4280
4312
4322
4331
4361
4362
4373
4391
4410
4422
4424
4425
4428
4429
4439
4440
4441
4455
4456
4457
4465
4473
4484
4485
4496
4502
4515
4517
4526
4529
4533
4556
4564
4586
4587
4590
4599
4600
4606
4610
4624
4634
4662
4673
4676
4689
4705
4723
4724
4725
4730
4745
4749
4780
4781
4807
4813
4814
4815
4818
4820
4822
4827
4882
4889
4890
4895
4897
4900
4902
4903
4979
4995
5006
5011
5029
5030
5031
5035
5041
5043
5053
5066
5070
5079
5082
5100
5101
5107
5108
5109
5110
5117
5118
5119
5124
5133
5134
5135
5157
5170
5182
5183
5184
5217
5240
5241
5243
5254
5255
5260
5267
5270
5284
5291
5302
5303
5305
5313
5315
5316
5317
5332
5336
5348
5355
5375
5377
5378
5381
5383
5394
5395
5396
5421
5426
5429
5435
5436
5456
5458
5459
5460
5462
5465
5469
5487
5489
5495
5514
5525
5528
5530
5540
5545
5549
5550
5551
5553
5556
5569
5575
5585
5588
5593
5603
5607
5615
5617
5624
5625
5634
6103
6111
6112
6121
6124
6133
6140
6152
6153
6155
6156
